"Symbol  ","Series  ","Date  ","Prev Close  ","Open Price  ","High Price  ","Low Price  ","Last Price  ","Close Price  ","Average Price ","Total Traded Quantity  ","Turnover ₹  ","No. of Trades  ","Deliverable Qty  ","% Dly Qt to Traded Qty  "
"SHRIRAMFIN","EQ","02-Jan-2023","1,376.90","1,381.00","1,390.00","1,362.00","1,387.05","1,385.80","1,379.17","4,36,989","60,26,80,309.60","18,891","1,63,348","37.38"
"SHRIRAMFIN","EQ","03-Jan-2023","1,385.80","1,368.80","1,376.95","1,335.60","1,340.00","1,349.65","1,358.48","5,35,645","72,76,65,217.25","26,822","1,96,315","36.65"
"SHRIRAMFIN","EQ","04-Jan-2023","1,349.65","1,348.00","1,352.90","1,317.85","1,325.10","1,328.35","1,334.91","5,41,935","72,34,32,720.60","24,534","2,28,646","42.19"
"SHRIRAMFIN","EQ","05-Jan-2023","1,328.35","1,335.95","1,340.00","1,311.25","1,318.55","1,319.90","1,324.07","4,61,987","61,17,02,348.25","20,972","2,25,597","48.83"
"SHRIRAMFIN","EQ","06-Jan-2023","1,319.90","1,324.90","1,325.75","1,287.00","1,293.70","1,294.65","1,304.07","3,19,983","41,72,80,708.85","18,463","1,31,530","41.11"
"SHRIRAMFIN","EQ","09-Jan-2023","1,294.65","1,300.00","1,324.70","1,299.50","1,323.50","1,318.60","1,315.92","4,69,651","61,80,21,536.40","41,318","2,68,008","57.07"
"SHRIRAMFIN","EQ","10-Jan-2023","1,318.60","1,322.65","1,337.60","1,318.60","1,335.00","1,333.90","1,328.34","5,69,860","75,69,67,490.05","34,667","3,67,818","64.55"
"SHRIRAMFIN","EQ","11-Jan-2023","1,333.90","1,334.00","1,343.85","1,319.10","1,331.50","1,334.50","1,334.37","2,89,049","38,56,97,640.25","17,242","1,55,670","53.86"
"SHRIRAMFIN","EQ","12-Jan-2023","1,334.50","1,341.50","1,342.25","1,305.20","1,313.00","1,312.65","1,321.86","4,51,870","59,73,09,047.40","19,840","2,20,808","48.87"
"SHRIRAMFIN","EQ","13-Jan-2023","1,312.65","1,310.00","1,313.00","1,267.60","1,284.90","1,283.20","1,287.11","9,19,496","1,18,34,90,880.20","37,236","2,85,279","31.03"
"SHRIRAMFIN","EQ","16-Jan-2023","1,283.20","1,289.00","1,301.55","1,269.00","1,272.90","1,272.70","1,283.35","5,09,856","65,43,25,251.70","22,729","2,46,405","48.33"
"SHRIRAMFIN","EQ","17-Jan-2023","1,272.70","1,277.75","1,280.65","1,262.90","1,275.10","1,271.65","1,271.53","6,33,527","80,55,48,259.80","45,297","3,99,636","63.08"
"SHRIRAMFIN","EQ","18-Jan-2023","1,271.65","1,278.00","1,291.75","1,256.15","1,281.30","1,284.00","1,273.68","4,75,166","60,52,08,417.05","22,463","2,35,270","49.51"
"SHRIRAMFIN","EQ","19-Jan-2023","1,284.00","1,284.00","1,297.35","1,272.30","1,291.00","1,294.80","1,292.07","4,97,959","64,33,95,408.50","35,934","3,51,289","70.55"
"SHRIRAMFIN","EQ","20-Jan-2023","1,294.80","1,294.00","1,294.00","1,266.40","1,277.95","1,277.30","1,277.77","3,96,914","50,71,62,872.70","39,011","2,52,229","63.55"
"SHRIRAMFIN","EQ","23-Jan-2023","1,277.30","1,282.10","1,296.95","1,274.90","1,280.45","1,284.60","1,287.81","2,53,966","32,70,60,638.50","17,180","99,727","39.27"
"SHRIRAMFIN","EQ","24-Jan-2023","1,284.60","1,287.90","1,292.80","1,263.00","1,264.00","1,265.30","1,273.86","2,12,299","27,04,40,086.60","13,559","79,831","37.60"
"SHRIRAMFIN","EQ","25-Jan-2023","1,265.30","1,268.55","1,270.65","1,230.00","1,255.05","1,254.20","1,250.91","4,26,186","53,31,20,961.45","21,709","1,52,575","35.80"
"SHRIRAMFIN","EQ","27-Jan-2023","1,254.20","1,255.00","1,284.00","1,230.05","1,238.75","1,241.05","1,254.04","4,82,105","60,45,79,282.05","21,594","2,09,599","43.48"
"SHRIRAMFIN","EQ","30-Jan-2023","1,241.05","1,239.00","1,264.90","1,227.40","1,248.40","1,243.85","1,238.50","11,81,135","1,46,28,34,199.00","20,913","9,73,369","82.41"
"SHRIRAMFIN","EQ","31-Jan-2023","1,243.85","1,247.60","1,295.40","1,233.40","1,290.00","1,286.60","1,271.46","12,10,700","1,53,93,55,766.20","58,221","8,38,980","69.30"
"SHRIRAMFIN","EQ","01-Feb-2023","1,286.60","1,328.00","1,366.90","1,278.20","1,293.20","1,297.35","1,327.04","15,87,326","2,10,64,43,302.50","56,723","6,61,019","41.64"
"SHRIRAMFIN","EQ","02-Feb-2023","1,297.35","1,292.90","1,299.60","1,253.00","1,269.50","1,264.50","1,273.09","5,10,516","64,99,33,030.30","35,027","2,52,120","49.39"
"SHRIRAMFIN","EQ","03-Feb-2023","1,264.50","1,271.20","1,284.20","1,250.00","1,276.00","1,279.05","1,265.31","5,20,118","65,81,12,575.50","27,176","2,81,864","54.19"
"SHRIRAMFIN","EQ","06-Feb-2023","1,279.05","1,260.00","1,297.60","1,260.00","1,293.10","1,293.65","1,287.67","4,17,671","53,78,23,723.15","33,205","1,93,368","46.30"
"SHRIRAMFIN","EQ","07-Feb-2023","1,293.65","1,293.90","1,303.00","1,279.00","1,287.55","1,291.30","1,291.00","3,88,156","50,11,11,304.20","21,917","2,33,957","60.27"
"SHRIRAMFIN","EQ","08-Feb-2023","1,291.30","1,297.80","1,310.80","1,290.05","1,302.35","1,307.65","1,301.32","3,43,154","44,65,52,462.95","16,705","2,18,263","63.60"
"SHRIRAMFIN","EQ","09-Feb-2023","1,307.65","1,308.50","1,317.45","1,298.55","1,315.00","1,315.05","1,311.76","2,87,531","37,71,70,707.95","19,547","1,62,837","56.63"
"SHRIRAMFIN","EQ","10-Feb-2023","1,315.05","1,320.00","1,320.00","1,267.70","1,275.00","1,278.60","1,282.26","6,71,726","86,13,26,144.30","48,464","3,89,497","57.98"
"SHRIRAMFIN","EQ","13-Feb-2023","1,278.60","1,278.60","1,284.70","1,253.00","1,256.10","1,256.10","1,260.90","3,57,878","45,12,46,952.15","19,741","1,92,479","53.78"
"SHRIRAMFIN","EQ","14-Feb-2023","1,256.10","1,262.00","1,274.50","1,249.90","1,274.45","1,270.20","1,262.72","2,10,017","26,51,92,082.85","18,113","83,297","39.66"
"SHRIRAMFIN","EQ","15-Feb-2023","1,270.20","1,265.50","1,277.90","1,257.00","1,272.00","1,272.70","1,270.24","2,47,214","31,40,21,025.30","12,866","1,23,480","49.95"
"SHRIRAMFIN","EQ","16-Feb-2023","1,272.70","1,282.00","1,282.30","1,246.35","1,253.15","1,258.70","1,256.78","6,60,983","83,07,09,899.40","33,760","2,83,948","42.96"
"SHRIRAMFIN","EQ","17-Feb-2023","1,258.70","1,249.90","1,261.30","1,230.50","1,231.50","1,234.10","1,243.50","4,15,463","51,66,26,732.20","20,168","1,70,660","41.08"
"SHRIRAMFIN","EQ","20-Feb-2023","1,234.10","1,258.80","1,258.80","1,234.20","1,235.50","1,237.20","1,244.36","4,61,821","57,46,69,548.00","18,941","1,55,481","33.67"
"SHRIRAMFIN","EQ","21-Feb-2023","1,237.20","1,247.00","1,252.65","1,211.00","1,214.40","1,214.95","1,230.55","4,32,710","53,24,70,752.85","22,257","1,96,211","45.34"
"SHRIRAMFIN","EQ","22-Feb-2023","1,214.95","1,211.00","1,221.30","1,195.10","1,209.00","1,208.05","1,204.75","6,50,647","78,38,69,392.95","37,462","3,44,603","52.96"
"SHRIRAMFIN","EQ","23-Feb-2023","1,208.05","1,209.95","1,215.25","1,195.10","1,202.80","1,200.30","1,202.22","3,28,241","39,46,16,858.75","20,933","1,60,280","48.83"
"SHRIRAMFIN","EQ","24-Feb-2023","1,200.30","1,202.80","1,222.00","1,200.90","1,222.00","1,218.45","1,213.09","4,92,821","59,78,36,308.10","32,973","2,61,998","53.16"
"SHRIRAMFIN","EQ","27-Feb-2023","1,218.45","1,218.45","1,220.60","1,192.00","1,200.50","1,202.90","1,205.31","2,87,505","34,65,31,623.70","20,270","91,039","31.67"
"SHRIRAMFIN","EQ","28-Feb-2023","1,202.90","1,205.00","1,212.65","1,190.00","1,209.80","1,203.35","1,202.92","26,52,122","3,19,02,89,175.55","60,337","16,53,590","62.35"
"SHRIRAMFIN","EQ","01-Mar-2023","1,203.35","1,207.00","1,231.45","1,205.00","1,224.85","1,221.65","1,221.64","5,82,647","71,17,87,259.40","35,139","3,89,367","66.83"
"SHRIRAMFIN","EQ","02-Mar-2023","1,221.65","1,223.00","1,224.90","1,193.00","1,209.00","1,209.60","1,204.53","5,44,128","65,54,18,645.90","26,260","2,81,814","51.79"
"SHRIRAMFIN","EQ","03-Mar-2023","1,209.60","1,215.65","1,229.00","1,210.35","1,214.80","1,216.90","1,220.02","3,67,345","44,81,67,256.75","15,075","2,01,567","54.87"
"SHRIRAMFIN","EQ","06-Mar-2023","1,216.90","1,220.00","1,249.05","1,220.00","1,242.90","1,246.85","1,240.57","6,29,184","78,05,43,944.85","26,668","3,73,923","59.43"
"SHRIRAMFIN","EQ","08-Mar-2023","1,246.85","1,245.00","1,294.90","1,221.10","1,270.75","1,270.45","1,233.08","1,03,40,585","12,75,07,26,146.35","65,352","89,05,116","86.12"
"SHRIRAMFIN","EQ","09-Mar-2023","1,270.45","1,279.95","1,314.70","1,275.00","1,292.45","1,290.40","1,298.04","16,04,402","2,08,25,74,468.80","54,529","8,39,228","52.31"
"SHRIRAMFIN","EQ","10-Mar-2023","1,290.40","1,284.95","1,285.00","1,258.45","1,267.80","1,269.65","1,269.95","2,89,325","36,74,28,502.55","22,157","1,04,683","36.18"
"SHRIRAMFIN","EQ","13-Mar-2023","1,269.65","1,270.75","1,283.85","1,251.70","1,258.50","1,258.05","1,267.73","7,36,766","93,40,20,042.55","29,890","4,58,530","62.24"
"SHRIRAMFIN","EQ","14-Mar-2023","1,258.05","1,251.05","1,258.00","1,223.00","1,236.05","1,239.00","1,238.38","6,28,358","77,81,46,512.55","27,506","3,18,306","50.66"
"SHRIRAMFIN","EQ","15-Mar-2023","1,239.00","1,251.00","1,254.05","1,225.40","1,232.00","1,229.55","1,237.59","3,97,410","49,18,28,780.00","25,336","2,47,301","62.23"
"SHRIRAMFIN","EQ","16-Mar-2023","1,229.55","1,232.00","1,260.85","1,228.70","1,248.15","1,250.20","1,246.69","7,97,714","99,45,02,666.75","45,959","4,69,694","58.88"
"SHRIRAMFIN","EQ","17-Mar-2023","1,250.20","1,256.50","1,267.95","1,236.80","1,246.10","1,246.00","1,248.94","8,36,522","1,04,47,61,687.35","28,133","5,57,298","66.62"
"SHRIRAMFIN","EQ","20-Mar-2023","1,246.00","1,274.90","1,274.90","1,203.55","1,218.15","1,219.70","1,223.38","6,80,483","83,24,88,596.40","30,550","3,98,023","58.49"
"SHRIRAMFIN","EQ","21-Mar-2023","1,219.70","1,233.40","1,288.65","1,218.10","1,261.75","1,260.50","1,245.56","10,15,872","1,26,53,27,888.35","73,347","6,26,482","61.67"
"SHRIRAMFIN","EQ","22-Mar-2023","1,260.50","1,261.95","1,264.80","1,241.70","1,245.00","1,246.15","1,253.40","3,62,950","45,49,22,933.70","15,723","1,83,348","50.52"
"SHRIRAMFIN","EQ","23-Mar-2023","1,246.15","1,242.00","1,264.15","1,234.00","1,255.00","1,260.55","1,256.90","4,28,237","53,82,53,014.10","30,257","2,59,049","60.49"
"SHRIRAMFIN","EQ","24-Mar-2023","1,260.55","1,254.30","1,259.30","1,225.00","1,230.00","1,233.20","1,238.06","8,58,054","1,06,23,24,025.30","33,792","4,55,025","53.03"
"SHRIRAMFIN","EQ","27-Mar-2023","1,233.20","1,232.00","1,233.00","1,205.65","1,211.00","1,209.40","1,214.74","3,89,678","47,33,58,016.05","30,922","1,70,536","43.76"
"SHRIRAMFIN","EQ","28-Mar-2023","1,209.40","1,211.05","1,234.30","1,202.15","1,226.00","1,225.90","1,216.65","5,21,025","63,39,07,474.30","29,609","2,50,237","48.03"
"SHRIRAMFIN","EQ","29-Mar-2023","1,225.90","1,225.90","1,260.00","1,221.50","1,250.05","1,251.80","1,245.30","3,29,827","41,07,33,906.55","23,409","1,68,216","51.00"
"SHRIRAMFIN","EQ","31-Mar-2023","1,251.80","1,253.00","1,281.90","1,253.00","1,260.25","1,259.40","1,268.90","8,97,987","1,13,94,54,741.20","50,159","6,07,650","67.67"
"SHRIRAMFIN","EQ","03-Apr-2023","1,259.40","1,266.00","1,291.00","1,266.00","1,287.95","1,286.45","1,278.19","4,59,492","58,73,19,316.60","29,769","2,44,191","53.14"
"SHRIRAMFIN","EQ","05-Apr-2023","1,286.45","1,281.00","1,294.20","1,274.45","1,287.70","1,289.05","1,283.94","3,42,106","43,92,43,454.55","21,672","1,75,373","51.26"
"SHRIRAMFIN","EQ","06-Apr-2023","1,289.05","1,286.00","1,307.00","1,280.15","1,303.80","1,303.85","1,298.97","2,85,678","37,10,86,359.30","19,318","1,11,125","38.90"
"SHRIRAMFIN","EQ","10-Apr-2023","1,303.85","1,303.85","1,307.00","1,285.05","1,303.00","1,304.75","1,302.04","1,26,077","16,41,57,722.50","11,614","35,153","27.88"
"SHRIRAMFIN","EQ","11-Apr-2023","1,304.75","1,304.75","1,310.00","1,277.00","1,285.00","1,295.30","1,292.35","4,63,230","59,86,53,038.35","23,535","2,39,599","51.72"
"SHRIRAMFIN","EQ","12-Apr-2023","1,295.30","1,299.00","1,312.00","1,288.55","1,309.35","1,309.00","1,303.46","5,36,120","69,88,10,846.10","18,538","3,88,901","72.54"
"SHRIRAMFIN","EQ","13-Apr-2023","1,309.00","1,308.95","1,308.95","1,292.00","1,300.00","1,296.60","1,297.69","1,54,923","20,10,41,329.80","20,642","77,575","50.07"
"SHRIRAMFIN","EQ","17-Apr-2023","1,296.60","1,300.00","1,327.00","1,295.90","1,325.00","1,321.35","1,317.40","5,85,482","77,13,11,100.45","30,510","2,37,077","40.49"
"SHRIRAMFIN","EQ","18-Apr-2023","1,321.35","1,327.25","1,345.00","1,319.00","1,335.00","1,339.20","1,336.43","5,20,458","69,55,54,765.05","29,202","2,05,779","39.54"
"SHRIRAMFIN","EQ","19-Apr-2023","1,339.20","1,347.35","1,369.90","1,337.55","1,362.00","1,366.55","1,359.28","5,29,941","72,03,36,734.20","26,851","2,53,429","47.82"
"SHRIRAMFIN","EQ","20-Apr-2023","1,366.55","1,370.05","1,373.55","1,335.85","1,339.35","1,339.35","1,351.80","3,94,557","53,33,61,427.85","22,196","1,56,084","39.56"
"SHRIRAMFIN","EQ","21-Apr-2023","1,339.35","1,355.40","1,361.75","1,341.05","1,361.00","1,358.85","1,351.10","3,06,722","41,44,11,288.60","13,696","1,48,694","48.48"
"SHRIRAMFIN","EQ","24-Apr-2023","1,358.85","1,361.00","1,411.80","1,356.20","1,392.00","1,392.60","1,387.38","6,96,858","96,68,09,326.45","37,188","2,20,529","31.65"
"SHRIRAMFIN","EQ","25-Apr-2023","1,392.60","1,399.70","1,469.30","1,395.10","1,430.00","1,432.75","1,417.32","22,92,627","3,24,93,76,759.15","74,739","13,04,190","56.89"
"SHRIRAMFIN","EQ","26-Apr-2023","1,432.75","1,439.85","1,439.85","1,382.00","1,403.15","1,406.15","1,405.18","9,36,077","1,31,53,59,012.50","41,122","4,55,383","48.65"
"SHRIRAMFIN","EQ","27-Apr-2023","1,406.15","1,400.00","1,412.00","1,382.00","1,405.00","1,405.55","1,400.19","10,71,163","1,49,98,36,550.60","37,989","6,19,338","57.82"
"SHRIRAMFIN","EQ","28-Apr-2023","1,405.55","1,350.00","1,365.00","1,309.00","1,332.80","1,332.60","1,328.42","30,75,649","4,08,57,66,367.20","1,02,038","11,42,774","37.16"
"SHRIRAMFIN","EQ","02-May-2023","1,332.60","1,348.90","1,353.30","1,321.65","1,322.10","1,325.30","1,336.53","8,89,058","1,18,82,56,910.35","41,278","4,80,730","54.07"
"SHRIRAMFIN","EQ","03-May-2023","1,325.30","1,323.05","1,335.70","1,316.25","1,317.55","1,319.05","1,321.72","4,80,881","63,55,91,218.45","26,696","1,96,919","40.95"
"SHRIRAMFIN","EQ","04-May-2023","1,319.05","1,326.00","1,331.00","1,316.00","1,329.00","1,327.70","1,324.44","5,21,108","69,01,77,215.55","36,806","3,08,161","59.14"
"SHRIRAMFIN","EQ","05-May-2023","1,327.70","1,328.00","1,347.35","1,316.25","1,318.00","1,318.85","1,328.62","3,73,515","49,62,61,071.10","18,705","1,23,912","33.17"
"SHRIRAMFIN","EQ","08-May-2023","1,318.85","1,329.00","1,355.00","1,318.85","1,350.00","1,347.90","1,344.88","6,29,269","84,62,92,237.80","28,415","3,28,247","52.16"
"SHRIRAMFIN","EQ","09-May-2023","1,347.90","1,358.70","1,400.00","1,345.70","1,349.50","1,348.25","1,368.67","9,43,591","1,29,14,60,665.75","40,883","3,20,446","33.96"
"SHRIRAMFIN","EQ","10-May-2023","1,348.25","1,361.00","1,361.00","1,330.50","1,350.65","1,353.05","1,347.45","5,44,299","73,34,15,594.25","29,354","2,74,029","50.35"
"SHRIRAMFIN","EQ","11-May-2023","1,353.05","1,351.10","1,369.90","1,340.05","1,361.50","1,364.30","1,360.80","3,35,168","45,60,98,228.50","23,153","1,48,332","44.26"
"SHRIRAMFIN","EQ","12-May-2023","1,364.30","1,364.95","1,374.65","1,341.00","1,348.00","1,349.75","1,358.29","3,73,700","50,75,94,598.80","23,074","1,94,091","51.94"
"SHRIRAMFIN","EQ","15-May-2023","1,349.75","1,353.00","1,367.60","1,336.05","1,342.90","1,340.60","1,348.86","6,62,823","89,40,58,059.95","21,737","4,80,733","72.53"
"SHRIRAMFIN","EQ","16-May-2023","1,340.60","1,350.00","1,360.30","1,325.00","1,326.15","1,328.60","1,341.65","10,07,426","1,35,16,15,269.90","43,949","5,12,707","50.89"
"SHRIRAMFIN","EQ","17-May-2023","1,328.60","1,329.00","1,350.60","1,325.10","1,350.00","1,344.20","1,337.83","3,75,324","50,21,20,057.20","29,397","2,05,180","54.67"
"SHRIRAMFIN","EQ","18-May-2023","1,344.20","1,352.45","1,357.00","1,329.45","1,351.25","1,346.10","1,342.84","6,37,838","85,65,13,219.30","23,837","3,88,500","60.91"
"SHRIRAMFIN","EQ","19-May-2023","1,346.10","1,356.90","1,356.90","1,333.00","1,335.35","1,339.30","1,345.81","6,91,565","93,07,13,494.05","16,445","3,90,709","56.50"
"SHRIRAMFIN","EQ","22-May-2023","1,339.30","1,336.00","1,337.90","1,306.00","1,318.00","1,319.30","1,317.64","7,44,812","98,13,94,037.65","22,008","4,22,405","56.71"
"SHRIRAMFIN","EQ","23-May-2023","1,319.30","1,323.95","1,380.35","1,320.35","1,363.00","1,363.30","1,358.51","7,24,363","98,40,52,464.85","33,399","2,24,970","31.06"
"SHRIRAMFIN","EQ","24-May-2023","1,363.30","1,362.70","1,390.00","1,356.20","1,369.60","1,369.65","1,368.71","9,98,284","1,36,63,59,936.40","25,929","6,76,275","67.74"
"SHRIRAMFIN","EQ","25-May-2023","1,369.65","1,369.65","1,388.00","1,358.35","1,374.00","1,375.35","1,373.42","4,75,274","65,27,50,083.20","17,514","2,52,856","53.20"
"SHRIRAMFIN","EQ","26-May-2023","1,375.35","1,375.35","1,386.15","1,365.00","1,381.90","1,383.60","1,376.48","5,24,563","72,20,49,083.60","20,826","3,34,251","63.72"
"SHRIRAMFIN","EQ","29-May-2023","1,383.60","1,388.00","1,423.40","1,383.60","1,408.00","1,408.80","1,409.48","11,75,769","1,65,72,28,201.30","44,911","7,34,077","62.43"
"SHRIRAMFIN","EQ","30-May-2023","1,408.80","1,411.50","1,421.20","1,405.70","1,414.15","1,416.80","1,413.96","7,89,757","1,11,66,86,403.25","56,377","5,60,903","71.02"
"SHRIRAMFIN","EQ","31-May-2023","1,416.80","1,417.65","1,419.90","1,391.40","1,400.00","1,399.75","1,400.13","12,16,121","1,70,27,25,122.00","37,586","8,75,787","72.01"
"SHRIRAMFIN","EQ","01-Jun-2023","1,399.75","1,399.75","1,418.50","1,399.75","1,415.35","1,410.25","1,412.10","5,80,575","81,98,32,362.90","34,952","3,90,105","67.19"
"SHRIRAMFIN","EQ","02-Jun-2023","1,410.25","1,415.35","1,424.20","1,404.20","1,416.00","1,413.35","1,413.35","7,36,009","1,04,02,39,190.00","34,020","5,55,752","75.51"
"SHRIRAMFIN","EQ","05-Jun-2023","1,413.35","1,421.00","1,427.15","1,397.65","1,402.00","1,400.95","1,406.95","5,02,008","70,63,01,581.65","33,169","3,29,885","65.71"
"SHRIRAMFIN","EQ","06-Jun-2023","1,400.95","1,407.45","1,419.75","1,385.75","1,407.15","1,408.90","1,408.34","3,55,440","50,05,79,695.80","27,194","1,74,412","49.07"
"SHRIRAMFIN","EQ","07-Jun-2023","1,408.90","1,400.00","1,426.00","1,390.00","1,403.00","1,408.35","1,410.67","7,59,808","1,07,18,36,248.25","24,878","4,51,439","59.41"
"SHRIRAMFIN","EQ","08-Jun-2023","1,408.35","1,413.00","1,449.00","1,400.00","1,419.90","1,410.95","1,420.09","8,06,116","1,14,47,61,107.45","25,884","3,23,691","40.15"
"SHRIRAMFIN","EQ","09-Jun-2023","1,410.95","1,410.00","1,438.80","1,409.00","1,414.60","1,417.20","1,424.87","4,87,176","69,41,60,630.25","18,499","1,62,756","33.41"
"SHRIRAMFIN","EQ","12-Jun-2023","1,417.20","1,425.00","1,461.25","1,417.00","1,453.00","1,452.35","1,437.53","5,90,220","84,84,59,041.20","28,028","3,56,066","60.33"
"SHRIRAMFIN","EQ","13-Jun-2023","1,452.35","1,458.10","1,461.00","1,435.00","1,443.00","1,443.40","1,446.60","6,60,172","95,50,03,543.70","43,147","3,08,059","46.66"
"SHRIRAMFIN","EQ","14-Jun-2023","1,443.40","1,450.00","1,450.00","1,402.25","1,407.25","1,407.80","1,417.45","7,23,458","1,02,54,64,314.15","41,830","4,88,604","67.54"
"SHRIRAMFIN","EQ","15-Jun-2023","1,407.80","1,414.00","1,420.00","1,404.00","1,413.80","1,414.20","1,412.87","5,49,578","77,64,83,640.95","32,122","3,52,195","64.08"
"SHRIRAMFIN","EQ","16-Jun-2023","1,414.20","1,406.50","1,411.00","1,390.10","1,404.70","1,401.50","1,399.84","13,79,509","1,93,10,85,762.25","49,873","9,85,759","71.46"
"SHRIRAMFIN","EQ","19-Jun-2023","1,401.50","1,473.00","1,500.90","1,452.80","1,471.00","1,469.85","1,469.88","31,94,059","4,69,48,82,410.45","95,841","12,86,664","40.28"
"SHRIRAMFIN","EQ","20-Jun-2023","1,469.85","1,470.00","1,572.70","1,456.05","1,556.80","1,559.65","1,522.12","27,62,920","4,20,54,82,116.40","86,205","11,70,121","42.35"
"SHRIRAMFIN","EQ","21-Jun-2023","1,559.65","1,715.60","1,793.55","1,675.00","1,732.10","1,734.35","1,723.59","1,34,65,423","23,20,88,63,967.45","3,04,635","51,63,749","38.35"
"SHRIRAMFIN","EQ","22-Jun-2023","1,734.35","1,765.00","1,765.00","1,691.70","1,719.00","1,718.75","1,723.93","41,39,057","7,13,54,42,005.65","1,89,202","18,09,861","43.73"
"SHRIRAMFIN","EQ","23-Jun-2023","1,718.75","1,693.05","1,708.55","1,641.85","1,669.00","1,676.65","1,670.18","53,55,116","8,94,40,23,438.90","1,87,773","30,35,786","56.69"
"SHRIRAMFIN","EQ","26-Jun-2023","1,676.65","1,668.70","1,713.45","1,642.25","1,700.00","1,703.35","1,673.21","18,05,538","3,02,10,48,666.20","68,411","10,21,761","56.59"
"SHRIRAMFIN","EQ","27-Jun-2023","1,703.35","1,704.00","1,728.55","1,660.00","1,689.00","1,696.15","1,688.14","18,50,182","3,12,33,75,030.15","81,538","9,73,747","52.63"
"SHRIRAMFIN","EQ","28-Jun-2023","1,696.15","1,710.00","1,718.35","1,689.15","1,709.00","1,701.00","1,700.28","18,11,702","3,08,04,02,494.40","57,054","12,82,856","70.81"
"SHRIRAMFIN","EQ","30-Jun-2023","1,701.00","1,701.10","1,766.95","1,697.80","1,738.00","1,735.20","1,737.89","26,69,645","4,63,95,60,582.05","97,788","15,50,666","58.09"
"SHRIRAMFIN","EQ","03-Jul-2023","1,735.20","1,752.70","1,777.90","1,743.10","1,757.00","1,757.95","1,756.31","15,69,786","2,75,70,33,865.70","83,660","9,03,195","57.54"
"SHRIRAMFIN","EQ","04-Jul-2023","1,757.95","1,772.00","1,793.20","1,740.00","1,779.00","1,777.70","1,773.04","17,89,715","3,17,32,39,230.75","1,04,564","8,93,170","49.91"
"SHRIRAMFIN","EQ","05-Jul-2023","1,777.70","1,778.00","1,828.00","1,768.90","1,807.00","1,802.25","1,804.81","26,31,621","4,74,95,86,976.30","1,06,405","12,83,992","48.79"
"SHRIRAMFIN","EQ","06-Jul-2023","1,802.25","1,801.60","1,801.60","1,767.25","1,772.85","1,771.35","1,783.03","9,23,275","1,64,62,23,405.95","67,585","5,99,751","64.96"
"SHRIRAMFIN","EQ","07-Jul-2023","1,771.35","1,775.00","1,779.00","1,712.00","1,719.00","1,718.60","1,730.67","13,41,026","2,32,08,71,937.05","83,869","6,17,069","46.01"
"SHRIRAMFIN","EQ","10-Jul-2023","1,718.60","1,728.95","1,730.40","1,703.85","1,725.00","1,723.20","1,716.00","12,85,015","2,20,50,88,018.50","47,700","8,90,236","69.28"
"SHRIRAMFIN","EQ","11-Jul-2023","1,723.20","1,729.90","1,777.55","1,726.15","1,759.00","1,760.70","1,762.80","12,17,122","2,14,55,41,824.15","58,214","6,92,892","56.93"
"SHRIRAMFIN","EQ","12-Jul-2023","1,760.70","1,760.10","1,817.95","1,759.70","1,801.05","1,805.50","1,794.26","13,07,460","2,34,59,25,537.65","67,934","5,27,978","40.38"
"SHRIRAMFIN","EQ","13-Jul-2023","1,805.50","1,817.50","1,829.20","1,783.00","1,795.00","1,789.00","1,809.35","12,43,663","2,25,02,24,680.05","58,374","6,56,231","52.77"
"SHRIRAMFIN","EQ","14-Jul-2023","1,789.00","1,800.00","1,811.35","1,772.65","1,782.80","1,783.90","1,787.75","8,98,440","1,60,61,88,769.85","63,851","5,67,526","63.17"
"SHRIRAMFIN","EQ","17-Jul-2023","1,783.90","1,786.10","1,792.05","1,755.20","1,779.95","1,769.50","1,768.76","8,44,775","1,49,42,00,167.50","33,150","4,36,255","51.64"
"SHRIRAMFIN","EQ","18-Jul-2023","1,769.50","1,778.80","1,801.20","1,770.00","1,784.90","1,784.15","1,786.28","15,61,175","2,78,86,99,908.65","94,793","8,33,342","53.38"
"SHRIRAMFIN","EQ","19-Jul-2023","1,784.15","1,784.00","1,794.70","1,772.80","1,787.10","1,785.75","1,784.17","11,93,625","2,12,96,29,689.60","55,738","8,67,464","72.67"
"SHRIRAMFIN","EQ","20-Jul-2023","1,785.75","1,785.00","1,798.50","1,778.00","1,780.35","1,782.85","1,783.91","5,75,685","1,02,69,72,105.70","47,254","3,05,759","53.11"
"SHRIRAMFIN","EQ","21-Jul-2023","1,782.85","1,778.45","1,868.15","1,775.00","1,827.00","1,831.50","1,834.29","31,10,254","5,70,50,97,704.95","1,08,347","13,95,543","44.87"
"SHRIRAMFIN","EQ","24-Jul-2023","1,831.50","1,840.80","1,847.95","1,780.00","1,784.00","1,796.30","1,802.84","60,30,098","10,87,12,79,913.05","1,20,364","40,45,077","67.08"
"SHRIRAMFIN","EQ","25-Jul-2023","1,796.30","1,830.90","1,830.95","1,796.00","1,825.00","1,823.50","1,815.65","14,04,057","2,54,92,77,881.75","1,06,447","7,49,879","53.41"
"SHRIRAMFIN","EQ","26-Jul-2023","1,823.50","1,826.00","1,835.40","1,808.70","1,829.30","1,819.15","1,825.45","7,99,002","1,45,85,41,281.40","39,717","4,36,727","54.66"
"SHRIRAMFIN","EQ","27-Jul-2023","1,819.15","1,838.00","1,849.10","1,786.55","1,822.00","1,811.65","1,822.62","23,25,312","4,23,81,54,934.80","99,826","10,51,738","45.23"
"SHRIRAMFIN","EQ","28-Jul-2023","1,811.65","1,826.05","1,838.30","1,790.00","1,820.00","1,817.85","1,815.10","11,81,146","2,14,38,97,026.00","51,752","6,79,426","57.52"
"SHRIRAMFIN","EQ","31-Jul-2023","1,817.85","1,831.45","1,898.00","1,818.05","1,891.00","1,893.15","1,872.41","15,55,772","2,91,30,40,980.55","86,951","7,91,565","50.88"
"SHRIRAMFIN","EQ","01-Aug-2023","1,893.15","1,893.15","1,901.00","1,845.00","1,854.30","1,853.70","1,860.15","10,69,042","1,98,85,76,311.20","66,729","5,16,015","48.27"
"SHRIRAMFIN","EQ","02-Aug-2023","1,853.70","1,860.00","1,866.25","1,801.65","1,826.55","1,833.15","1,831.41","15,26,197","2,79,50,86,462.25","1,08,793","8,99,498","58.94"
"SHRIRAMFIN","EQ","03-Aug-2023","1,833.15","1,829.00","1,838.60","1,791.50","1,814.00","1,818.45","1,814.15","7,63,341","1,38,48,16,272.60","51,202","4,18,199","54.79"
"SHRIRAMFIN","EQ","04-Aug-2023","1,818.45","1,825.00","1,843.70","1,802.05","1,834.55","1,837.00","1,824.67","10,91,120","1,99,09,34,383.35","43,136","7,29,276","66.84"
"SHRIRAMFIN","EQ","07-Aug-2023","1,837.00","1,840.90","1,860.00","1,833.15","1,855.00","1,854.80","1,851.41","9,85,237","1,82,40,79,818.60","60,680","5,75,254","58.39"
"SHRIRAMFIN","EQ","08-Aug-2023","1,854.80","1,854.90","1,874.75","1,840.00","1,862.15","1,861.40","1,856.15","19,71,951","3,66,02,37,786.00","76,079","11,65,368","59.10"
"SHRIRAMFIN","EQ","09-Aug-2023","1,861.40","1,873.00","1,875.90","1,840.00","1,852.75","1,848.90","1,849.30","12,68,060","2,34,50,24,855.70","62,725","4,79,646","37.83"
"SHRIRAMFIN","EQ","10-Aug-2023","1,848.90","1,854.65","1,873.90","1,840.00","1,847.65","1,850.70","1,852.72","10,79,592","2,00,01,78,138.95","71,468","7,24,540","67.11"
"SHRIRAMFIN","EQ","11-Aug-2023","1,850.70","1,850.00","1,850.05","1,804.10","1,807.95","1,807.95","1,823.29","10,26,658","1,87,18,91,643.65","49,707","6,00,811","58.52"
"SHRIRAMFIN","EQ","14-Aug-2023","1,807.95","1,807.95","1,819.30","1,774.55","1,815.10","1,813.55","1,801.26","9,19,664","1,65,65,50,597.05","55,514","5,27,743","57.38"
"SHRIRAMFIN","EQ","16-Aug-2023","1,813.55","1,813.80","1,816.65","1,760.10","1,800.50","1,796.00","1,794.70","18,08,084","3,24,49,65,864.45","77,244","7,79,950","43.14"
"SHRIRAMFIN","EQ","17-Aug-2023","1,796.00","1,811.95","1,870.00","1,811.95","1,844.55","1,844.40","1,846.76","13,61,032","2,51,34,94,394.10","75,359","4,36,765","32.09"
"SHRIRAMFIN","EQ","18-Aug-2023","1,844.40","1,852.00","1,852.00","1,808.05","1,820.00","1,820.45","1,822.58","8,57,330","1,56,25,56,003.20","47,815","3,69,552","43.10"
"SHRIRAMFIN","EQ","21-Aug-2023","1,820.45","1,820.00","1,855.00","1,814.65","1,845.60","1,843.25","1,843.65","13,73,050","2,53,14,20,883.85","65,224","5,61,474","40.89"
"SHRIRAMFIN","EQ","22-Aug-2023","1,843.25","1,853.95","1,853.95","1,830.70","1,847.00","1,845.05","1,843.50","9,78,416","1,80,37,11,527.45","53,881","6,28,407","64.23"
"SHRIRAMFIN","EQ","23-Aug-2023","1,845.05","1,849.00","1,856.35","1,821.15","1,850.00","1,852.20","1,842.45","4,95,096","91,21,90,278.35","31,014","2,58,715","52.26"
"SHRIRAMFIN","EQ","24-Aug-2023","1,852.20","1,855.00","1,931.75","1,855.00","1,872.35","1,875.50","1,896.82","16,17,054","3,06,72,66,826.55","64,548","6,67,487","41.28"
"SHRIRAMFIN","EQ","25-Aug-2023","1,875.50","1,865.00","1,879.70","1,837.00","1,860.75","1,864.15","1,865.12","9,61,277","1,79,28,99,643.15","53,774","6,10,884","63.55"
"SHRIRAMFIN","EQ","28-Aug-2023","1,864.15","1,869.95","1,870.95","1,846.15","1,869.00","1,861.85","1,856.43","9,34,029","1,73,39,62,273.40","56,580","3,97,247","42.53"
"SHRIRAMFIN","EQ","29-Aug-2023","1,861.85","1,867.00","1,878.00","1,846.80","1,869.00","1,872.25","1,862.16","5,83,981","1,08,74,68,643.00","27,762","2,57,413","44.08"
"SHRIRAMFIN","EQ","30-Aug-2023","1,872.25","1,872.00","1,920.00","1,867.80","1,884.00","1,884.10","1,900.28","7,28,983","1,38,52,70,103.90","39,355","2,52,050","34.58"
"SHRIRAMFIN","EQ","31-Aug-2023","1,884.10","1,895.00","1,939.00","1,889.10","1,925.05","1,928.30","1,920.96","25,27,974","4,85,61,42,548.65","58,126","16,27,490","64.38"
"SHRIRAMFIN","EQ","01-Sep-2023","1,928.30","1,930.00","1,935.95","1,906.85","1,913.35","1,912.05","1,918.05","7,51,207","1,44,08,55,518.55","39,352","4,58,414","61.02"
"SHRIRAMFIN","EQ","04-Sep-2023","1,912.05","1,917.00","1,945.00","1,889.25","1,895.35","1,893.90","1,910.57","15,79,913","3,01,85,33,071.00","57,113","8,31,843","52.65"
"SHRIRAMFIN","EQ","05-Sep-2023","1,893.90","1,903.80","1,929.95","1,880.20","1,917.00","1,913.50","1,898.71","13,58,719","2,57,98,15,390.00","77,624","7,83,967","57.70"
"SHRIRAMFIN","EQ","06-Sep-2023","1,913.50","1,919.90","1,927.00","1,882.00","1,899.80","1,892.60","1,899.87","13,81,672","2,62,50,01,919.50","44,494","8,89,792","64.40"
"SHRIRAMFIN","EQ","07-Sep-2023","1,892.60","1,895.00","1,900.80","1,870.65","1,899.00","1,893.70","1,883.48","12,07,095","2,27,35,40,970.70","49,957","7,41,570","61.43"
"SHRIRAMFIN","EQ","08-Sep-2023","1,893.70","1,910.00","1,959.95","1,902.80","1,955.00","1,953.85","1,942.87","14,57,511","2,83,17,52,848.85","62,417","6,54,428","44.90"
"SHRIRAMFIN","EQ","11-Sep-2023","1,953.85","1,971.80","1,971.80","1,938.15","1,955.05","1,957.20","1,953.17","13,13,092","2,56,46,96,105.20","73,922","6,60,718","50.32"
"SHRIRAMFIN","EQ","12-Sep-2023","1,957.20","1,969.85","1,969.85","1,891.35","1,894.00","1,911.15","1,922.81","13,80,614","2,65,46,61,568.25","1,00,083","8,35,461","60.51"
"SHRIRAMFIN","EQ","13-Sep-2023","1,911.15","1,902.05","1,920.00","1,877.20","1,906.80","1,910.35","1,901.41","13,03,584","2,47,86,48,891.45","69,273","8,29,563","63.64"
"SHRIRAMFIN","EQ","14-Sep-2023","1,910.35","1,920.00","1,927.75","1,905.60","1,911.45","1,915.40","1,915.64","10,45,117","2,00,20,66,381.30","53,514","7,54,133","72.16"
"SHRIRAMFIN","EQ","15-Sep-2023","1,915.40","1,927.95","1,933.65","1,906.00","1,927.40","1,922.25","1,918.78","13,54,629","2,59,92,33,366.15","44,702","10,45,309","77.17"
"SHRIRAMFIN","EQ","18-Sep-2023","1,922.25","1,916.15","1,924.60","1,901.45","1,911.00","1,912.50","1,912.70","6,33,362","1,21,14,29,136.50","46,320","1,92,930","30.46"
"SHRIRAMFIN","EQ","20-Sep-2023","1,912.50","1,900.00","1,945.00","1,892.95","1,920.00","1,917.90","1,927.39","8,05,659","1,55,28,21,754.70","52,470","4,77,178","59.23"
"SHRIRAMFIN","EQ","21-Sep-2023","1,917.90","1,914.70","1,924.00","1,891.00","1,899.95","1,900.30","1,903.88","5,00,996","95,38,37,924.70","27,179","3,03,721","60.62"
"SHRIRAMFIN","EQ","22-Sep-2023","1,900.30","1,900.30","1,929.70","1,881.00","1,888.00","1,890.95","1,901.31","5,60,957","1,06,65,51,870.80","31,627","2,69,703","48.08"
"SHRIRAMFIN","EQ","25-Sep-2023","1,890.95","1,890.95","1,959.35","1,860.65","1,943.65","1,945.55","1,909.94","20,65,421","3,94,48,34,524.70","1,14,167","7,78,370","37.69"
"SHRIRAMFIN","EQ","26-Sep-2023","1,945.55","1,942.00","1,943.10","1,871.00","1,885.10","1,884.60","1,902.41","11,94,660","2,27,27,36,259.35","74,734","5,62,058","47.05"
"SHRIRAMFIN","EQ","27-Sep-2023","1,884.60","1,898.00","1,913.40","1,880.25","1,892.45","1,892.40","1,899.39","6,43,299","1,22,18,75,865.60","30,800","3,60,144","55.98"
"SHRIRAMFIN","EQ","28-Sep-2023","1,892.40","1,909.30","1,912.40","1,856.35","1,863.10","1,871.45","1,874.16","43,27,334","8,11,01,19,604.30","75,368","33,59,309","77.63"
"SHRIRAMFIN","EQ","29-Sep-2023","1,871.45","1,872.70","1,930.95","1,865.60","1,920.00","1,919.35","1,909.56","13,81,785","2,63,85,98,455.65","79,170","6,93,812","50.21"
"SHRIRAMFIN","EQ","03-Oct-2023","1,919.35","1,938.00","1,939.90","1,881.00","1,925.00","1,921.95","1,922.04","22,07,907","4,24,36,77,630.85","1,12,300","15,39,956","69.75"
"SHRIRAMFIN","EQ","04-Oct-2023","1,921.95","1,909.00","1,919.95","1,841.50","1,852.00","1,850.60","1,859.67","13,40,167","2,49,22,64,000.50","71,390","8,60,876","64.24"
"SHRIRAMFIN","EQ","05-Oct-2023","1,850.60","1,852.00","1,872.95","1,823.00","1,840.90","1,837.50","1,838.12","14,79,477","2,71,94,54,039.00","1,13,367","10,23,760","69.20"
"SHRIRAMFIN","EQ","06-Oct-2023","1,837.50","1,850.95","1,863.00","1,835.00","1,848.75","1,848.85","1,845.87","12,62,390","2,33,02,04,462.50","72,907","9,20,438","72.91"
"SHRIRAMFIN","EQ","09-Oct-2023","1,848.85","1,840.05","1,840.85","1,803.65","1,823.20","1,820.90","1,822.99","10,70,824","1,95,21,06,658.40","50,623","7,00,705","65.44"
"SHRIRAMFIN","EQ","10-Oct-2023","1,820.90","1,840.00","1,896.75","1,815.20","1,892.50","1,892.85","1,869.76","16,75,512","3,13,28,04,940.65","1,46,644","9,57,779","57.16"
"SHRIRAMFIN","EQ","11-Oct-2023","1,892.85","1,907.05","1,920.50","1,885.55","1,900.00","1,898.60","1,902.71","9,12,283","1,73,58,13,418.60","43,248","5,58,663","61.24"
"SHRIRAMFIN","EQ","12-Oct-2023","1,898.60","1,908.55","1,908.55","1,875.00","1,879.95","1,878.10","1,890.56","6,62,797","1,25,30,56,724.65","36,713","4,84,476","73.10"
"SHRIRAMFIN","EQ","13-Oct-2023","1,878.10","1,874.85","1,886.75","1,870.40","1,879.00","1,880.95","1,877.57","5,96,784","1,12,05,06,465.30","49,129","4,14,544","69.46"
"SHRIRAMFIN","EQ","16-Oct-2023","1,880.95","1,880.95","1,885.00","1,855.60","1,867.60","1,867.55","1,871.92","4,92,792","92,24,69,387.25","40,397","2,91,825","59.22"
"SHRIRAMFIN","EQ","17-Oct-2023","1,867.55","1,878.45","1,892.90","1,872.00","1,890.00","1,888.45","1,882.27","6,75,654","1,27,17,66,354.50","49,205","2,52,892","37.43"
"SHRIRAMFIN","EQ","18-Oct-2023","1,888.45","1,888.40","1,890.85","1,852.55","1,860.55","1,866.20","1,870.96","5,04,913","94,46,69,622.20","33,770","2,47,083","48.94"
"SHRIRAMFIN","EQ","19-Oct-2023","1,866.20","1,837.00","1,890.00","1,823.45","1,881.70","1,878.85","1,862.35","6,19,940","1,15,45,46,323.45","38,903","3,24,559","52.35"
"SHRIRAMFIN","EQ","20-Oct-2023","1,878.85","1,876.50","1,885.75","1,866.00","1,875.00","1,876.70","1,877.59","4,41,245","82,84,75,867.35","38,204","2,72,905","61.85"
"SHRIRAMFIN","EQ","23-Oct-2023","1,876.70","1,874.80","1,916.00","1,866.00","1,875.00","1,880.00","1,894.52","20,73,056","3,92,74,54,209.25","1,28,645","12,59,792","60.77"
"SHRIRAMFIN","EQ","25-Oct-2023","1,880.00","1,871.55","1,886.85","1,792.00","1,818.00","1,816.15","1,838.07","13,69,841","2,51,78,58,360.95","81,738","7,78,925","56.86"
"SHRIRAMFIN","EQ","26-Oct-2023","1,816.15","1,816.15","1,818.85","1,760.85","1,799.85","1,797.60","1,785.39","9,58,593","1,71,14,64,736.05","44,833","4,36,158","45.50"
"SHRIRAMFIN","EQ","27-Oct-2023","1,797.60","1,851.00","2,029.70","1,851.00","1,937.60","1,935.20","1,947.66","50,11,333","9,76,03,85,491.25","1,75,570","14,80,513","29.54"
"SHRIRAMFIN","EQ","30-Oct-2023","1,935.20","1,935.00","1,935.20","1,865.25","1,895.80","1,892.20","1,888.76","20,37,598","3,84,85,38,757.85","1,04,107","10,82,846","53.14"
"SHRIRAMFIN","EQ","31-Oct-2023","1,892.20","1,902.00","1,906.95","1,870.70","1,885.45","1,879.85","1,883.17","16,91,067","3,18,45,72,817.40","75,357","10,06,473","59.52"
"SHRIRAMFIN","EQ","01-Nov-2023","1,879.85","1,884.00","1,907.00","1,876.15","1,901.05","1,902.25","1,892.06","7,58,859","1,43,58,05,339.95","65,221","4,93,070","64.98"
"SHRIRAMFIN","EQ","02-Nov-2023","1,902.25","1,913.50","1,965.00","1,902.80","1,950.00","1,954.85","1,944.93","8,57,752","1,66,82,66,804.75","65,623","4,61,611","53.82"
"SHRIRAMFIN","EQ","03-Nov-2023","1,954.85","1,962.50","2,027.95","1,952.05","2,007.55","2,013.55","2,006.36","18,64,454","3,74,07,62,110.60","81,204","9,28,457","49.80"
"SHRIRAMFIN","EQ","06-Nov-2023","2,013.55","2,008.95","2,012.40","1,982.00","1,999.60","1,991.50","1,997.21","11,26,831","2,25,05,13,210.10","60,505","5,80,589","51.52"
"SHRIRAMFIN","EQ","07-Nov-2023","1,991.50","1,999.90","2,005.40","1,954.25","1,985.00","1,987.20","1,979.43","17,61,418","3,48,66,07,925.05","1,13,222","8,20,256","46.57"
"SHRIRAMFIN","EQ","08-Nov-2023","1,987.20","1,987.20","1,992.65","1,971.25","1,984.00","1,979.65","1,979.96","7,05,075","1,39,60,22,298.15","52,153","4,58,913","65.09"
"SHRIRAMFIN","EQ","09-Nov-2023","1,979.65","1,970.00","1,970.00","1,940.00","1,941.00","1,943.40","1,956.66","9,95,069","1,94,70,10,643.80","40,641","6,45,235","64.84"
"SHRIRAMFIN","EQ","10-Nov-2023","1,943.40","1,940.00","1,965.95","1,926.90","1,955.50","1,952.20","1,949.63","4,86,020","94,75,61,122.90","26,309","2,18,584","44.97"
"SHRIRAMFIN","EQ","12-Nov-2023","1,952.20","1,958.50","1,969.70","1,957.10","1,962.60","1,963.25","1,962.82","46,003","9,02,95,500.75","3,170","15,205","33.05"
"SHRIRAMFIN","EQ","13-Nov-2023","1,963.25","1,957.40","1,973.00","1,930.20","1,970.00","1,967.80","1,956.23","5,55,900","1,08,74,69,873.50","46,009","1,61,775","29.10"
"SHRIRAMFIN","EQ","15-Nov-2023","1,967.80","1,985.25","2,041.20","1,975.10","2,036.95","2,035.75","2,018.50","12,69,373","2,56,22,23,761.05","87,931","8,07,823","63.64"
"SHRIRAMFIN","EQ","16-Nov-2023","2,035.75","2,036.80","2,051.00","2,015.50","2,031.00","2,035.75","2,034.39","6,36,899","1,29,57,00,226.75","40,474","3,46,053","54.33"
"SHRIRAMFIN","EQ","17-Nov-2023","2,035.75","2,018.95","2,018.95","1,981.10","1,988.05","1,994.80","1,997.24","10,93,774","2,18,45,28,871.80","58,673","7,20,262","65.85"
"SHRIRAMFIN","EQ","20-Nov-2023","1,994.80","1,995.00","2,009.80","1,977.80","1,993.80","1,988.95","1,992.06","5,72,596","1,14,06,45,230.95","50,637","3,21,509","56.15"
"SHRIRAMFIN","EQ","21-Nov-2023","1,988.95","2,000.00","2,019.80","1,980.20","1,999.40","1,999.85","1,999.92","10,17,891","2,03,57,05,241.50","71,031","6,31,193","62.01"
"SHRIRAMFIN","EQ","22-Nov-2023","1,999.85","2,004.95","2,010.00","1,953.25","1,979.00","1,977.10","1,975.99","5,27,815","1,04,29,58,319.80","26,546","3,01,636","57.15"
"SHRIRAMFIN","EQ","23-Nov-2023","1,977.10","1,978.00","1,998.90","1,970.00","1,973.50","1,974.85","1,978.96","3,05,865","60,52,93,327.45","20,503","1,75,529","57.39"
"SHRIRAMFIN","EQ","24-Nov-2023","1,974.85","1,974.85","1,980.00","1,941.10","1,941.35","1,947.50","1,959.96","4,75,859","93,26,62,433.80","27,917","3,29,722","69.29"
"SHRIRAMFIN","EQ","28-Nov-2023","1,947.50","1,951.80","1,970.00","1,934.55","1,965.75","1,965.70","1,956.76","7,20,833","1,41,04,95,762.05","53,309","4,49,214","62.32"
"SHRIRAMFIN","EQ","29-Nov-2023","1,965.70","1,965.70","1,981.40","1,960.00","1,973.05","1,974.35","1,970.37","6,59,944","1,30,03,33,830.20","46,712","4,24,648","64.35"
"SHRIRAMFIN","EQ","30-Nov-2023","1,974.35","1,973.05","2,020.00","1,971.30","2,001.50","2,007.20","2,002.33","22,00,458","4,40,60,36,111.35","80,323","15,01,940","68.26"
"SHRIRAMFIN","EQ","01-Dec-2023","2,007.20","2,014.00","2,029.90","1,997.00","1,997.35","2,003.25","2,012.65","6,06,990","1,22,16,57,775.50","57,609","3,58,022","58.98"
"SHRIRAMFIN","EQ","04-Dec-2023","2,003.25","2,025.00","2,108.00","2,007.25","2,099.00","2,094.45","2,069.02","18,72,166","3,87,35,53,895.15","78,575","11,07,757","59.17"
"SHRIRAMFIN","EQ","05-Dec-2023","2,094.45","2,094.45","2,098.85","2,043.05","2,062.80","2,069.95","2,063.45","16,59,380","3,42,40,43,341.20","1,11,421","9,93,354","59.86"
"SHRIRAMFIN","EQ","06-Dec-2023","2,069.95","2,077.00","2,084.10","2,045.00","2,062.00","2,055.70","2,061.48","7,19,690","1,48,36,26,616.40","45,719","4,97,771","69.16"
"SHRIRAMFIN","EQ","07-Dec-2023","2,055.70","2,060.95","2,070.00","2,030.00","2,034.95","2,034.80","2,046.26","7,80,832","1,59,77,87,582.60","43,243","5,58,782","71.56"
"SHRIRAMFIN","EQ","08-Dec-2023","2,034.80","2,050.00","2,057.50","2,014.70","2,033.90","2,031.60","2,033.91","8,43,673","1,71,59,52,280.50","53,222","5,60,233","66.40"
"SHRIRAMFIN","EQ","11-Dec-2023","2,031.60","2,031.60","2,067.90","2,015.45","2,046.00","2,047.10","2,047.28","9,89,693","2,02,61,74,660.35","71,486","6,71,231","67.82"
"SHRIRAMFIN","EQ","12-Dec-2023","2,047.10","2,065.00","2,065.00","1,988.05","2,000.00","1,995.25","2,003.87","14,31,809","2,86,91,55,420.70","1,14,854","9,65,544","67.44"
"SHRIRAMFIN","EQ","13-Dec-2023","1,995.25","2,009.95","2,011.70","1,976.05","1,999.95","1,995.30","1,993.82","15,94,654","3,17,94,57,071.95","73,625","12,28,167","77.02"
"SHRIRAMFIN","EQ","14-Dec-2023","1,995.30","2,006.00","2,130.00","2,005.10","2,124.95","2,118.30","2,094.54","23,84,904","4,99,52,79,110.75","1,27,400","13,65,031","57.24"
"SHRIRAMFIN","EQ","15-Dec-2023","2,118.30","2,117.00","2,121.60","2,070.10","2,075.00","2,077.70","2,091.31","22,45,653","4,69,63,48,868.60","89,103","16,26,148","72.41"
"SHRIRAMFIN","EQ","18-Dec-2023","2,077.70","2,076.80","2,078.55","2,042.90","2,049.75","2,048.00","2,061.86","8,40,682","1,73,33,65,233.55","53,409","5,92,051","70.43"
"SHRIRAMFIN","EQ","19-Dec-2023","2,048.00","2,058.80","2,082.65","2,040.00","2,058.00","2,059.55","2,061.50","22,14,192","4,56,45,67,772.55","84,760","16,47,257","74.40"
"SHRIRAMFIN","EQ","20-Dec-2023","2,059.55","2,061.00","2,111.95","1,990.00","1,994.00","1,998.75","2,052.20","18,87,125","3,87,27,64,802.95","91,758","9,95,861","52.77"
"SHRIRAMFIN","EQ","21-Dec-2023","1,998.75","1,997.30","2,047.90","1,972.00","2,016.15","2,016.85","2,016.49","18,81,198","3,79,34,18,047.60","1,04,967","12,37,399","65.78"
"SHRIRAMFIN","EQ","22-Dec-2023","2,016.85","2,029.90","2,069.00","2,016.50","2,055.60","2,055.45","2,049.84","13,85,775","2,84,06,10,229.80","73,382","9,86,494","71.19"
"SHRIRAMFIN","EQ","26-Dec-2023","2,055.45","2,072.00","2,076.80","2,028.10","2,034.00","2,035.75","2,047.30","9,64,595","1,97,48,18,925.10","83,961","5,50,942","57.12"
"SHRIRAMFIN","EQ","27-Dec-2023","2,035.75","2,041.05","2,065.50","2,035.80","2,055.95","2,049.90","2,051.32","7,50,019","1,53,85,27,411.30","36,373","4,63,187","61.76"
"SHRIRAMFIN","EQ","28-Dec-2023","2,049.90","2,064.80","2,064.80","2,036.10","2,041.00","2,045.65","2,046.15","6,57,669","1,34,56,92,160.60","52,711","4,15,344","63.15"
"SHRIRAMFIN","EQ","29-Dec-2023","2,045.65","2,052.50","2,068.00","2,037.95","2,055.65","2,053.30","2,053.08","10,58,202","2,17,25,70,209.75","48,416","7,47,145","70.61"