"Symbol  ","Series  ","Date  ","Prev Close  ","Open Price  ","High Price  ","Low Price  ","Last Price  ","Close Price  ","Average Price ","Total Traded Quantity  ","Turnover ₹  ","No. of Trades  ","Deliverable Qty  ","% Dly Qt to Traded Qty  "
"NESTLEIND","EQ","01-Jan-2015","6,384.85","6,385.00","6,400.00","6,300.00","6,325.00","6,317.95","6,355.84","3,025","1,92,26,407.50","938","1,553","51.34"
"NESTLEIND","EQ","02-Jan-2015","6,317.95","6,256.05","6,366.50","6,256.05","6,303.00","6,331.50","6,333.39","6,843","4,33,39,401.85","2,671","4,222","61.70"
"NESTLEIND","EQ","05-Jan-2015","6,331.50","6,370.00","6,370.00","6,290.00","6,320.00","6,334.90","6,322.39","10,690","6,75,86,375.30","2,987","6,540","61.18"
"NESTLEIND","EQ","06-Jan-2015","6,334.90","6,296.00","6,313.05","6,220.00","6,240.25","6,246.80","6,260.45","13,159","8,23,81,283.40","5,097","8,803","66.90"
"NESTLEIND","EQ","07-Jan-2015","6,246.80","6,265.00","6,308.95","6,247.55","6,299.90","6,272.95","6,281.88","35,673","22,40,93,559.60","3,670","30,069","84.29"
"NESTLEIND","EQ","08-Jan-2015","6,272.95","6,275.00","6,345.00","6,275.00","6,290.00","6,300.45","6,315.83","7,524","4,75,20,310.35","2,290","4,387","58.31"
"NESTLEIND","EQ","09-Jan-2015","6,300.45","6,370.00","6,479.95","6,273.50","6,450.00","6,386.35","6,363.99","20,492","13,04,10,950.05","6,165","13,666","66.69"
"NESTLEIND","EQ","12-Jan-2015","6,386.35","6,420.00","6,520.00","6,385.50","6,480.00","6,462.75","6,446.97","47,557","30,65,98,750.70","7,331","31,719","66.70"
"NESTLEIND","EQ","13-Jan-2015","6,462.75","6,470.00","6,741.00","6,470.00","6,695.00","6,714.65","6,681.20","55,108","36,81,87,785.40","9,086","34,489","62.58"
"NESTLEIND","EQ","14-Jan-2015","6,714.65","6,735.00","6,930.00","6,684.95","6,796.00","6,781.85","6,834.26","37,403","25,56,21,857.70","6,565","21,251","56.82"
"NESTLEIND","EQ","15-Jan-2015","6,781.85","6,869.20","6,940.00","6,761.05","6,805.00","6,809.10","6,823.30","59,753","40,77,12,942.75","5,405","53,398","89.36"
"NESTLEIND","EQ","16-Jan-2015","6,809.10","6,762.00","7,005.00","6,740.05","6,988.00","6,985.20","6,969.17","49,852","34,74,26,906.10","9,559","31,556","63.30"
"NESTLEIND","EQ","19-Jan-2015","6,985.20","7,005.00","7,100.00","6,984.55","7,070.00","7,073.95","7,063.62","35,414","25,01,50,923.00","5,279","21,240","59.98"
"NESTLEIND","EQ","20-Jan-2015","7,073.95","7,073.00","7,110.00","7,000.00","7,030.00","7,074.50","7,066.89","28,431","20,09,18,858.65","5,706","18,934","66.60"
"NESTLEIND","EQ","21-Jan-2015","7,074.50","7,087.75","7,120.00","7,038.10","7,080.00","7,080.00","7,072.58","31,104","21,99,85,418.65","7,006","23,572","75.78"
"NESTLEIND","EQ","22-Jan-2015","7,080.00","7,075.00","7,170.00","7,052.00","7,109.00","7,097.05","7,107.78","54,149","38,48,78,984.25","9,136","42,810","79.06"
"NESTLEIND","EQ","23-Jan-2015","7,097.05","7,148.00","7,290.00","7,148.00","7,254.00","7,258.35","7,253.39","45,866","33,26,84,003.60","7,743","38,779","84.55"
"NESTLEIND","EQ","27-Jan-2015","7,258.35","7,258.30","7,430.00","7,255.95","7,345.00","7,350.05","7,361.54","45,350","33,38,45,782.55","8,308","36,513","80.51"
"NESTLEIND","EQ","28-Jan-2015","7,350.05","7,345.00","7,421.00","7,215.05","7,265.00","7,304.05","7,295.78","23,762","17,33,62,373.75","6,351","18,018","75.83"
"NESTLEIND","EQ","29-Jan-2015","7,304.05","7,300.00","7,364.90","7,148.00","7,210.10","7,214.45","7,222.36","22,040","15,91,80,879.55","8,641","16,696","75.75"
"NESTLEIND","EQ","30-Jan-2015","7,214.45","7,220.00","7,220.00","7,100.00","7,115.00","7,113.05","7,128.64","30,387","21,66,18,092.25","11,861","20,041","65.95"
"NESTLEIND","EQ","02-Feb-2015","7,113.05","7,113.80","7,161.55","6,976.35","7,050.00","7,059.65","7,046.16","24,716","17,41,52,958.55","7,571","15,991","64.70"
"NESTLEIND","EQ","03-Feb-2015","7,059.65","7,111.00","7,190.00","6,950.00","7,090.00","7,078.50","7,060.97","18,909","13,35,15,966.55","5,641","9,873","52.21"
"NESTLEIND","EQ","04-Feb-2015","7,078.50","7,078.00","7,139.15","6,956.00","6,980.05","6,977.75","7,012.00","6,588","4,61,95,068.55","1,988","4,153","63.04"
"NESTLEIND","EQ","05-Feb-2015","6,977.75","7,050.00","7,050.00","6,810.00","6,880.00","6,899.15","6,962.27","17,043","11,86,58,018.35","5,380","11,717","68.75"
"NESTLEIND","EQ","06-Feb-2015","6,899.15","6,900.00","6,970.00","6,850.00","6,894.90","6,884.55","6,922.33","8,881","6,14,77,234.30","2,419","6,127","68.99"
"NESTLEIND","EQ","09-Feb-2015","6,884.55","6,890.00","6,930.00","6,760.05","6,823.00","6,835.40","6,820.45","15,551","10,60,64,785.60","4,350","8,905","57.26"
"NESTLEIND","EQ","10-Feb-2015","6,835.40","6,900.00","7,018.00","6,767.00","6,810.00","6,794.15","6,869.61","15,902","10,92,40,613.55","3,969","7,394","46.50"
"NESTLEIND","EQ","11-Feb-2015","6,794.15","6,899.00","7,000.00","6,805.00","6,860.00","6,881.05","6,905.71","13,708","9,46,63,435.20","3,177","6,959","50.77"
"NESTLEIND","EQ","12-Feb-2015","6,881.05","6,885.00","6,970.00","6,780.30","6,799.00","6,824.60","6,856.93","12,887","8,83,65,261.15","2,981","8,566","66.47"
"NESTLEIND","EQ","13-Feb-2015","6,824.60","6,839.90","7,097.80","6,830.00","7,052.00","7,033.65","6,972.48","28,685","20,00,05,447.95","8,122","16,813","58.61"
"NESTLEIND","EQ","16-Feb-2015","7,033.65","7,226.00","7,272.00","7,102.30","7,122.00","7,147.35","7,179.42","23,895","17,15,52,221.90","7,104","13,214","55.30"
"NESTLEIND","EQ","18-Feb-2015","7,147.35","7,150.00","7,225.00","7,060.05","7,150.00","7,169.30","7,139.98","32,189","22,98,28,790.05","7,446","25,166","78.18"
"NESTLEIND","EQ","19-Feb-2015","7,169.30","7,175.00","7,175.00","7,013.70","7,017.00","7,041.70","7,074.00","11,509","8,14,14,710.25","4,143","7,656","66.52"
"NESTLEIND","EQ","20-Feb-2015","7,041.70","7,051.00","7,237.70","7,025.00","7,164.00","7,176.70","7,106.03","1,34,761","95,76,16,226.95","4,794","1,23,618","91.73"
"NESTLEIND","EQ","23-Feb-2015","7,176.70","7,205.20","7,205.20","6,962.50","7,000.00","6,999.45","7,024.64","29,209","20,51,82,636.35","6,397","22,885","78.35"
"NESTLEIND","EQ","24-Feb-2015","6,999.45","7,001.90","7,079.85","6,930.00","7,010.00","7,009.75","7,010.00","58,297","40,86,61,907.35","6,168","52,174","89.50"
"NESTLEIND","EQ","25-Feb-2015","7,009.75","7,024.20","7,075.00","7,010.00","7,033.05","7,052.50","7,049.50","42,946","30,27,47,720.90","8,236","38,755","90.24"
"NESTLEIND","EQ","26-Feb-2015","7,052.50","7,099.70","7,099.70","6,950.00","7,025.00","7,019.40","7,016.20","25,702","18,03,30,415.25","6,996","18,899","73.53"
"NESTLEIND","EQ","27-Feb-2015","7,019.40","7,044.65","7,058.90","6,999.50","7,020.00","7,020.90","7,018.85","65,642","46,07,31,454.95","11,035","53,955","82.20"
"NESTLEIND","EQ","28-Feb-2015","7,020.90","7,069.95","7,098.00","7,007.00","7,028.00","7,023.90","7,043.42","4,177","2,94,20,378.75","918","1,721","41.20"
"NESTLEIND","EQ","02-Mar-2015","7,023.90","7,049.90","7,049.90","6,949.95","6,972.70","6,990.05","6,993.30","26,080","18,23,85,265.15","8,653","22,143","84.90"
"NESTLEIND","EQ","03-Mar-2015","6,990.05","7,040.00","7,160.50","6,932.30","7,112.00","7,096.25","7,039.28","26,243","18,47,31,819.20","6,071","18,255","69.56"
"NESTLEIND","EQ","04-Mar-2015","7,096.25","7,164.00","7,319.00","7,112.95","7,267.00","7,299.75","7,270.01","45,281","32,91,93,467.55","17,840","31,070","68.62"
"NESTLEIND","EQ","05-Mar-2015","7,299.75","7,300.00","7,366.45","7,246.30","7,294.80","7,295.95","7,302.15","30,384","22,18,68,615.30","5,617","26,296","86.55"
"NESTLEIND","EQ","09-Mar-2015","7,295.95","7,297.00","7,425.00","7,235.00","7,379.45","7,384.30","7,324.80","21,576","15,80,39,900.10","5,958","15,368","71.23"
"NESTLEIND","EQ","10-Mar-2015","7,384.30","7,386.90","7,505.00","7,349.45","7,370.00","7,397.15","7,442.40","18,258","13,58,83,249.80","6,283","13,390","73.34"
"NESTLEIND","EQ","11-Mar-2015","7,397.15","7,389.60","7,445.75","7,253.00","7,275.00","7,280.70","7,308.77","19,345","14,13,88,077.90","4,724","13,839","71.54"
"NESTLEIND","EQ","12-Mar-2015","7,280.70","7,300.10","7,379.90","7,300.10","7,310.00","7,328.90","7,331.48","13,701","10,04,48,633.40","4,678","9,959","72.69"
"NESTLEIND","EQ","13-Mar-2015","7,328.90","7,355.35","7,357.70","7,254.05","7,280.00","7,299.00","7,299.05","21,515","15,70,39,091.25","7,190","15,920","73.99"
"NESTLEIND","EQ","16-Mar-2015","7,299.00","7,347.90","7,347.90","7,255.00","7,270.00","7,276.80","7,297.78","12,723","9,28,49,656.75","3,762","9,407","73.94"
"NESTLEIND","EQ","17-Mar-2015","7,276.80","7,300.00","7,400.00","7,300.00","7,360.30","7,389.25","7,372.49","27,094","19,97,50,342.05","6,857","21,663","79.95"
"NESTLEIND","EQ","18-Mar-2015","7,389.25","7,410.00","7,420.00","7,366.00","7,389.05","7,408.40","7,409.07","49,611","36,75,71,354.45","5,591","46,235","93.20"
"NESTLEIND","EQ","19-Mar-2015","7,408.40","7,420.00","7,420.00","7,321.00","7,334.15","7,367.35","7,380.01","27,013","19,93,56,185.50","5,248","21,468","79.47"
"NESTLEIND","EQ","20-Mar-2015","7,367.35","7,400.00","7,400.00","7,225.00","7,230.00","7,264.10","7,269.58","27,446","19,95,20,925.65","8,158","22,977","83.72"
"NESTLEIND","EQ","23-Mar-2015","7,264.10","7,284.00","7,284.40","7,090.00","7,133.90","7,133.90","7,138.38","23,625","16,86,44,185.90","6,084","16,357","69.24"
"NESTLEIND","EQ","24-Mar-2015","7,133.90","7,185.00","7,190.00","6,990.00","7,037.95","7,021.65","7,055.11","26,775","18,89,00,637.20","5,327","19,377","72.37"
"NESTLEIND","EQ","25-Mar-2015","7,021.65","6,972.00","7,094.95","6,972.00","7,020.00","7,041.80","7,039.19","27,132","19,09,87,391.70","5,586","22,147","81.63"
"NESTLEIND","EQ","26-Mar-2015","7,041.80","7,020.00","7,030.90","6,765.00","6,846.95","6,845.20","6,902.90","42,361","29,24,13,544.35","12,192","32,305","76.26"
"NESTLEIND","EQ","27-Mar-2015","6,845.20","6,898.00","6,916.95","6,771.00","6,801.00","6,815.05","6,809.16","26,243","17,86,92,905.85","8,106","18,632","71.00"
"NESTLEIND","EQ","30-Mar-2015","6,815.05","6,840.00","6,999.00","6,840.00","6,903.85","6,944.00","6,924.93","45,193","31,29,58,407.90","6,142","36,303","80.33"
"NESTLEIND","EQ","31-Mar-2015","6,944.00","6,950.00","7,132.00","6,827.60","7,132.00","6,947.35","6,929.16","64,200","44,48,52,205.50","13,622","48,338","75.29"
"NESTLEIND","EQ","01-Apr-2015","6,947.35","7,051.00","7,059.95","6,870.00","6,890.20","6,923.15","6,975.99","13,749","9,59,12,895.80","3,889","8,293","60.32"
"NESTLEIND","EQ","06-Apr-2015","6,923.15","6,988.90","7,150.00","6,926.40","7,100.00","7,121.35","7,065.81","24,913","17,60,30,481.70","6,516","18,331","73.58"
"NESTLEIND","EQ","07-Apr-2015","7,121.35","7,121.40","7,174.95","7,064.15","7,125.00","7,157.45","7,136.35","17,718","12,64,41,912.05","4,542","12,742","71.92"
"NESTLEIND","EQ","08-Apr-2015","7,157.45","7,146.00","7,168.15","7,010.00","7,015.10","7,046.20","7,084.61","12,695","8,99,39,159.35","4,558","10,240","80.66"
"NESTLEIND","EQ","09-Apr-2015","7,046.20","7,060.00","7,112.00","7,060.00","7,099.85","7,101.00","7,100.30","30,467","21,63,24,926.95","5,912","27,969","91.80"
"NESTLEIND","EQ","10-Apr-2015","7,101.00","7,122.00","7,139.70","7,065.00","7,066.00","7,098.50","7,108.07","44,957","31,95,57,307.05","11,980","41,005","91.21"
"NESTLEIND","EQ","13-Apr-2015","7,098.50","7,119.95","7,119.95","7,066.20","7,075.05","7,098.55","7,099.10","29,502","20,94,37,539.10","8,602","26,699","90.50"
"NESTLEIND","EQ","15-Apr-2015","7,098.55","7,101.00","7,109.35","7,025.00","7,070.00","7,068.40","7,090.36","23,427","16,61,05,845.60","8,689","21,316","90.99"
"NESTLEIND","EQ","16-Apr-2015","7,068.40","7,068.40","7,095.00","6,990.00","7,040.00","7,026.80","7,035.88","26,406","18,57,89,461.95","8,455","22,476","85.12"
"NESTLEIND","EQ","17-Apr-2015","7,026.80","7,024.25","7,053.00","6,990.00","7,000.00","7,000.85","7,011.56","14,346","10,05,87,909.15","3,704","11,034","76.91"
"NESTLEIND","EQ","20-Apr-2015","7,000.85","7,001.00","7,010.00","6,900.00","6,965.00","6,953.20","6,971.14","15,258","10,63,65,604.60","5,163","13,441","88.09"
"NESTLEIND","EQ","21-Apr-2015","6,953.20","6,999.80","6,999.80","6,865.00","6,887.85","6,887.85","6,898.18","11,133","7,67,97,470.10","5,340","8,895","79.90"
"NESTLEIND","EQ","22-Apr-2015","6,887.85","6,887.00","6,940.00","6,825.30","6,830.15","6,872.05","6,888.67","17,374","11,96,83,703.35","7,004","12,872","74.09"
"NESTLEIND","EQ","23-Apr-2015","6,872.05","6,934.00","6,934.00","6,866.00","6,910.00","6,908.70","6,892.12","35,827","24,69,23,814.40","7,947","32,569","90.91"
"NESTLEIND","EQ","24-Apr-2015","6,908.70","6,950.00","6,950.00","6,780.10","6,832.70","6,849.75","6,854.13","10,639","7,29,21,137.95","3,551","7,260","68.24"
"NESTLEIND","EQ","27-Apr-2015","6,849.75","6,849.00","6,868.00","6,760.90","6,825.00","6,848.10","6,839.38","34,239","23,41,73,372.25","6,933","29,700","86.74"
"NESTLEIND","EQ","28-Apr-2015","6,848.10","6,840.00","6,849.90","6,795.45","6,817.25","6,836.85","6,837.98","25,326","17,31,78,651.60","6,746","18,972","74.91"
"NESTLEIND","EQ","29-Apr-2015","6,836.85","6,879.95","6,879.95","6,525.00","6,580.00","6,565.45","6,641.51","41,655","27,66,51,962.15","9,840","29,255","70.23"
"NESTLEIND","EQ","30-Apr-2015","6,565.45","6,565.20","6,709.95","6,525.90","6,579.00","6,572.60","6,623.36","42,919","28,42,67,877.30","13,994","28,734","66.95"
"NESTLEIND","EQ","04-May-2015","6,572.60","6,660.00","6,810.00","6,623.40","6,809.80","6,801.45","6,749.20","16,941","11,43,38,146.50","4,909","11,996","70.81"
"NESTLEIND","EQ","05-May-2015","6,801.45","6,809.00","6,835.00","6,772.00","6,797.00","6,807.40","6,803.54","14,582","9,92,09,157.50","3,237","12,404","85.06"
"NESTLEIND","EQ","06-May-2015","6,807.40","6,809.40","6,820.00","6,756.25","6,805.75","6,802.75","6,795.50","17,433","11,84,65,964.70","5,791","14,285","81.94"
"NESTLEIND","EQ","07-May-2015","6,802.75","6,850.00","6,850.00","6,725.00","6,770.00","6,767.55","6,773.10","28,509","19,30,94,437.55","5,303","25,144","88.20"
"NESTLEIND","EQ","08-May-2015","6,767.55","6,761.00","6,869.95","6,761.00","6,790.00","6,796.30","6,795.55","22,452","15,25,73,787.20","6,415","19,936","88.79"
"NESTLEIND","EQ","11-May-2015","6,796.30","6,856.90","6,870.00","6,763.20","6,840.00","6,806.30","6,796.21","39,358","26,74,85,092.45","7,560","34,324","87.21"
"NESTLEIND","EQ","12-May-2015","6,806.30","6,812.20","6,845.00","6,680.00","6,724.95","6,704.45","6,778.47","38,069","25,80,49,719.45","7,039","32,498","85.37"
"NESTLEIND","EQ","13-May-2015","6,704.45","6,705.30","6,810.65","6,650.00","6,690.00","6,701.50","6,710.05","34,511","23,15,70,657.80","8,486","27,698","80.26"
"NESTLEIND","EQ","14-May-2015","6,701.50","6,705.00","6,919.70","6,705.00","6,852.40","6,854.50","6,836.96","20,242","13,83,93,714.50","5,390","14,021","69.27"
"NESTLEIND","EQ","15-May-2015","6,854.50","6,875.00","7,050.00","6,860.15","7,026.00","7,031.30","7,010.12","23,138","16,22,00,245.65","4,348","11,180","48.32"
"NESTLEIND","EQ","18-May-2015","7,031.30","7,100.10","7,349.00","6,941.00","7,100.00","7,077.35","7,077.73","37,666","26,65,89,826.00","9,232","16,971","45.06"
"NESTLEIND","EQ","19-May-2015","7,077.35","7,100.00","7,157.95","6,902.50","7,059.60","7,028.70","7,081.83","26,114","18,49,34,811.95","5,951","12,995","49.76"
"NESTLEIND","EQ","20-May-2015","7,028.70","7,068.70","7,116.30","6,855.00","6,950.00","6,961.60","6,944.61","30,255","21,01,09,060.45","10,509","18,899","62.47"
"NESTLEIND","EQ","21-May-2015","6,961.60","6,874.90","6,999.00","6,830.00","6,971.00","6,948.90","6,897.59","30,907","21,31,83,866.50","7,942","17,554","56.80"
"NESTLEIND","EQ","22-May-2015","6,948.90","6,950.00","7,119.50","6,928.05","6,995.00","6,995.90","7,014.45","42,396","29,73,84,585.85","10,751","26,340","62.13"
"NESTLEIND","EQ","25-May-2015","6,995.90","6,926.00","7,013.90","6,905.00","6,946.70","6,936.60","6,940.63","12,915","8,96,38,180.00","4,883","8,346","64.62"
"NESTLEIND","EQ","26-May-2015","6,936.60","6,960.00","6,993.00","6,535.10","6,796.40","6,805.35","6,759.23","62,840","42,47,50,058.45","14,175","29,798","47.42"
"NESTLEIND","EQ","27-May-2015","6,805.35","6,805.35","7,135.00","6,776.00","7,099.95","7,062.50","6,962.54","61,700","42,95,88,765.90","14,728","41,927","67.95"
"NESTLEIND","EQ","28-May-2015","7,062.50","7,090.00","7,210.00","6,955.50","7,099.90","7,057.65","7,039.25","34,215","24,08,48,016.45","8,486","21,002","61.38"
"NESTLEIND","EQ","29-May-2015","7,057.65","6,992.00","7,057.65","6,564.80","6,849.00","6,751.55","6,816.03","1,08,338","73,84,34,516.70","20,789","59,559","54.98"
"NESTLEIND","EQ","01-Jun-2015","6,751.55","6,700.00","6,733.00","6,530.95","6,652.00","6,670.20","6,637.29","68,323","45,34,79,225.50","15,706","22,820","33.40"
"NESTLEIND","EQ","02-Jun-2015","6,670.20","6,772.00","6,999.90","6,755.15","6,797.05","6,803.25","6,858.00","75,154","51,54,05,895.75","14,130","31,821","42.34"
"NESTLEIND","EQ","03-Jun-2015","6,803.25","6,500.00","6,533.00","5,980.00","6,170.00","6,186.95","6,255.75","3,90,444","2,44,25,19,161.35","58,558","99,758","25.55"
"NESTLEIND","EQ","04-Jun-2015","6,186.95","5,880.00","6,050.00","5,800.55","5,990.05","6,004.45","5,939.73","4,30,477","2,55,69,18,897.95","55,105","1,63,333","37.94"
"NESTLEIND","EQ","05-Jun-2015","6,004.45","5,830.00","6,125.00","5,711.00","6,021.00","6,011.60","5,976.79","7,56,189","4,51,95,79,874.55","86,074","1,45,621","19.26"
"NESTLEIND","EQ","08-Jun-2015","6,011.60","5,850.00","5,850.00","5,501.00","5,504.00","5,569.00","5,664.71","3,44,869","1,95,35,84,179.70","48,226","1,04,764","30.38"
"NESTLEIND","EQ","09-Jun-2015","5,569.00","5,590.35","6,120.00","5,525.00","6,090.00","5,964.35","5,772.73","5,68,881","3,28,39,98,926.75","67,585","1,30,884","23.01"
"NESTLEIND","EQ","10-Jun-2015","5,964.35","6,049.90","6,240.00","6,021.25","6,054.00","6,060.35","6,139.72","2,47,150","1,51,74,32,420.40","33,745","44,210","17.89"
"NESTLEIND","EQ","11-Jun-2015","6,060.35","6,158.90","6,306.00","5,975.75","6,110.00","6,164.70","6,121.80","3,02,802","1,85,36,92,057.80","44,093","83,510","27.58"
"NESTLEIND","EQ","12-Jun-2015","6,164.70","6,184.50","6,184.50","5,925.35","6,085.00","6,087.20","6,092.91","1,04,699","63,79,21,496.65","17,079","29,805","28.47"
"NESTLEIND","EQ","15-Jun-2015","6,087.20","6,048.00","6,050.00","5,892.40","5,940.00","5,955.05","5,953.15","73,067","43,49,78,753.30","13,661","20,546","28.12"
"NESTLEIND","EQ","16-Jun-2015","5,955.05","5,899.00","5,899.00","5,755.00","5,770.00","5,784.65","5,810.92","87,482","50,83,50,744.90","13,192","35,581","40.67"
"NESTLEIND","EQ","17-Jun-2015","5,784.65","5,745.00","5,900.00","5,651.00","5,880.00","5,838.90","5,815.03","1,40,517","81,71,10,518.55","19,112","34,508","24.56"
"NESTLEIND","EQ","18-Jun-2015","5,838.90","5,864.00","6,128.00","5,850.00","6,119.00","6,081.65","5,975.81","1,18,969","71,09,35,901.45","18,337","27,487","23.10"
"NESTLEIND","EQ","19-Jun-2015","6,081.65","6,010.00","6,325.00","6,010.00","6,300.00","6,281.00","6,232.76","1,45,841","90,89,91,673.55","20,727","57,572","39.48"
"NESTLEIND","EQ","22-Jun-2015","6,281.00","6,276.00","6,411.15","6,215.00","6,223.00","6,296.60","6,320.71","78,944","49,89,82,262.35","15,590","30,229","38.29"
"NESTLEIND","EQ","23-Jun-2015","6,296.60","6,290.00","6,290.00","6,100.10","6,103.00","6,127.85","6,187.03","54,383","33,64,69,502.10","8,901","16,636","30.59"
"NESTLEIND","EQ","24-Jun-2015","6,127.85","6,150.00","6,163.15","5,981.10","6,005.00","6,004.10","6,054.67","55,028","33,31,76,208.55","10,355","21,821","39.65"
"NESTLEIND","EQ","25-Jun-2015","6,004.10","6,005.00","6,049.00","5,810.25","5,829.90","5,836.45","5,887.34","1,36,513","80,36,98,305.85","20,751","75,552","55.34"
"NESTLEIND","EQ","26-Jun-2015","5,836.45","5,922.00","5,970.00","5,870.00","5,965.00","5,958.15","5,935.63","75,863","45,02,95,018.90","11,411","32,825","43.27"
"NESTLEIND","EQ","29-Jun-2015","5,958.15","5,825.50","6,087.50","5,825.50","6,055.00","6,071.05","6,021.17","82,096","49,43,13,983.80","13,255","27,650","33.68"
"NESTLEIND","EQ","30-Jun-2015","6,071.05","6,022.00","6,392.00","6,022.00","6,359.90","6,352.20","6,260.71","2,52,693","1,58,20,38,476.00","32,482","79,063","31.29"
"NESTLEIND","EQ","01-Jul-2015","6,352.20","6,400.00","6,494.00","6,116.00","6,128.90","6,144.45","6,306.62","1,68,999","1,06,58,12,468.70","25,392","60,102","35.56"
"NESTLEIND","EQ","02-Jul-2015","6,144.45","6,259.95","6,375.00","6,215.00","6,247.00","6,241.60","6,293.02","1,11,329","70,05,96,064.35","17,058","36,237","32.55"
"NESTLEIND","EQ","03-Jul-2015","6,241.60","6,314.95","6,344.95","6,151.00","6,155.00","6,165.20","6,226.14","89,765","55,88,89,032.45","14,609","26,671","29.71"
"NESTLEIND","EQ","06-Jul-2015","6,165.20","6,199.95","6,199.95","6,075.00","6,118.00","6,120.30","6,108.36","38,621","23,59,11,004.30","6,748","14,237","36.86"
"NESTLEIND","EQ","07-Jul-2015","6,120.30","6,190.00","6,190.00","6,060.00","6,090.00","6,084.85","6,109.30","63,527","38,81,05,321.45","10,778","41,405","65.18"
"NESTLEIND","EQ","08-Jul-2015","6,084.85","6,060.00","6,060.20","5,960.10","6,000.00","5,995.90","5,999.61","1,09,001","65,39,63,625.70","16,262","72,212","66.25"
"NESTLEIND","EQ","09-Jul-2015","5,995.90","6,075.00","6,099.00","6,001.00","6,040.05","6,029.95","6,041.69","70,819","42,78,66,235.05","11,639","42,124","59.48"
"NESTLEIND","EQ","10-Jul-2015","6,029.95","6,060.00","6,070.00","5,926.05","5,965.00","5,963.40","5,967.31","92,072","54,94,22,190.65","22,460","67,895","73.74"
"NESTLEIND","EQ","13-Jul-2015","5,963.40","6,020.00","6,020.00","5,895.00","5,957.70","5,955.50","5,958.27","65,745","39,17,26,160.90","10,396","27,467","41.78"
"NESTLEIND","EQ","14-Jul-2015","5,955.50","5,989.90","5,994.00","5,935.25","5,953.10","5,953.10","5,960.52","40,738","24,28,19,602.45","6,444","27,514","67.54"
"NESTLEIND","EQ","15-Jul-2015","5,953.10","5,920.00","5,995.60","5,920.00","5,966.00","5,967.90","5,977.74","1,01,401","60,61,48,519.75","6,459","76,659","75.60"
"NESTLEIND","EQ","16-Jul-2015","5,967.90","5,989.95","6,045.50","5,975.05","6,015.00","6,025.50","6,015.89","35,537","21,37,86,524.00","6,819","19,920","56.05"
"NESTLEIND","EQ","17-Jul-2015","6,025.50","6,020.00","6,125.00","6,019.95","6,075.00","6,078.60","6,083.94","52,852","32,15,48,556.40","8,383","23,232","43.96"
"NESTLEIND","EQ","20-Jul-2015","6,078.60","6,104.95","6,131.80","6,057.70","6,071.00","6,071.05","6,086.18","19,953","12,14,37,604.50","3,134","10,345","51.85"
"NESTLEIND","EQ","21-Jul-2015","6,071.05","6,099.95","6,107.85","6,050.00","6,070.00","6,068.50","6,068.43","22,646","13,74,25,739.15","5,161","15,701","69.33"
"NESTLEIND","EQ","22-Jul-2015","6,068.50","6,048.00","6,048.00","5,974.00","5,986.00","5,990.60","5,994.72","26,233","15,72,59,526.75","5,289","17,868","68.11"
"NESTLEIND","EQ","23-Jul-2015","5,990.60","6,000.00","6,069.90","5,999.40","6,052.05","6,060.40","6,047.70","31,337","18,95,16,823.85","4,796","20,299","64.78"
"NESTLEIND","EQ","24-Jul-2015","6,060.40","6,052.00","6,124.45","6,000.00","6,033.00","6,033.90","6,045.52","30,532","18,45,81,721.45","5,211","19,351","63.38"
"NESTLEIND","EQ","27-Jul-2015","6,033.90","6,100.00","6,306.85","6,033.00","6,225.00","6,261.40","6,187.67","1,13,239","70,06,85,142.90","17,152","65,377","57.73"
"NESTLEIND","EQ","28-Jul-2015","6,261.40","6,265.00","6,300.00","6,169.00","6,200.20","6,192.45","6,216.82","53,887","33,50,05,740.25","14,718","37,026","68.71"
"NESTLEIND","EQ","29-Jul-2015","6,192.45","6,200.00","6,254.60","6,082.40","6,177.70","6,152.65","6,204.44","73,126","45,37,05,736.30","14,043","50,802","69.47"
"NESTLEIND","EQ","30-Jul-2015","6,152.65","6,032.05","6,390.00","5,980.45","6,331.00","6,331.20","6,203.76","1,76,979","1,09,79,35,667.40","23,048","78,670","44.45"
"NESTLEIND","EQ","31-Jul-2015","6,331.20","6,210.00","6,390.00","6,210.00","6,350.00","6,357.40","6,315.63","1,11,955","70,70,66,848.90","13,538","52,423","46.83"
"NESTLEIND","EQ","03-Aug-2015","6,357.40","6,385.00","6,500.00","6,220.05","6,285.00","6,326.25","6,423.80","1,08,792","69,88,57,751.50","20,245","69,835","64.19"
"NESTLEIND","EQ","04-Aug-2015","6,326.25","6,349.90","6,383.60","6,320.20","6,358.00","6,350.65","6,352.30","1,05,771","67,18,88,594.95","11,778","90,741","85.79"
"NESTLEIND","EQ","05-Aug-2015","6,350.65","6,800.00","6,998.00","6,590.20","6,820.00","6,838.35","6,778.90","3,64,555","2,47,12,80,894.90","55,092","1,20,377","33.02"
"NESTLEIND","EQ","06-Aug-2015","6,838.35","6,533.70","6,596.00","6,450.00","6,483.95","6,486.10","6,491.12","1,73,295","1,12,48,79,080.85","31,748","95,430","55.07"
"NESTLEIND","EQ","07-Aug-2015","6,486.10","6,548.00","6,560.00","6,525.55","6,550.00","6,548.60","6,546.79","69,339","45,39,48,110.05","16,582","43,195","62.30"
"NESTLEIND","EQ","10-Aug-2015","6,548.60","6,550.00","6,567.30","6,347.05","6,380.00","6,388.40","6,429.13","62,031","39,88,05,555.35","9,084","39,519","63.71"
"NESTLEIND","EQ","11-Aug-2015","6,388.40","6,460.35","6,463.95","6,300.00","6,300.05","6,317.35","6,347.72","51,237","32,52,38,266.20","13,495","28,375","55.38"
"NESTLEIND","EQ","12-Aug-2015","6,317.35","6,225.00","6,350.00","6,007.05","6,340.00","6,234.30","6,196.93","1,14,437","70,91,57,655.75","15,529","36,041","31.49"
"NESTLEIND","EQ","13-Aug-2015","6,234.30","6,300.00","6,533.00","6,234.00","6,290.00","6,317.25","6,410.23","5,06,085","3,24,41,23,693.25","57,834","82,598","16.32"
"NESTLEIND","EQ","14-Aug-2015","6,317.25","6,398.00","6,398.00","6,251.10","6,255.00","6,268.80","6,310.33","63,854","40,29,39,812.45","10,555","29,871","46.78"
"NESTLEIND","EQ","17-Aug-2015","6,268.80","6,268.80","6,279.95","6,130.00","6,132.00","6,135.40","6,185.10","45,417","28,09,08,748.10","8,649","27,150","59.78"
"NESTLEIND","EQ","18-Aug-2015","6,135.40","6,201.00","6,207.00","6,140.00","6,160.00","6,164.70","6,182.92","63,390","39,19,35,581.70","9,021","41,991","66.24"
"NESTLEIND","EQ","19-Aug-2015","6,164.70","6,200.00","6,200.00","6,081.25","6,100.00","6,098.70","6,141.56","59,166","36,33,71,476.75","9,158","38,737","65.47"
"NESTLEIND","EQ","20-Aug-2015","6,098.70","6,124.95","6,180.00","6,085.75","6,155.00","6,150.90","6,149.81","65,541","40,30,64,654.25","10,296","46,017","70.21"
"NESTLEIND","EQ","21-Aug-2015","6,150.90","6,075.00","6,195.00","6,060.00","6,076.50","6,090.75","6,106.88","36,949","22,56,42,943.05","6,585","22,281","60.30"
"NESTLEIND","EQ","24-Aug-2015","6,090.75","6,078.00","6,208.75","5,995.00","6,034.00","6,036.00","6,099.05","78,584","47,92,87,745.80","12,745","41,316","52.58"
"NESTLEIND","EQ","25-Aug-2015","6,036.00","6,094.95","6,220.80","6,029.00","6,170.00","6,163.40","6,142.36","50,568","31,06,06,768.45","10,731","28,728","56.81"
"NESTLEIND","EQ","26-Aug-2015","6,163.40","6,169.95","6,199.85","6,050.00","6,098.00","6,064.20","6,102.77","56,983","34,77,54,133.95","11,148","42,721","74.97"
"NESTLEIND","EQ","27-Aug-2015","6,064.20","6,165.00","6,175.00","6,030.00","6,080.05","6,057.00","6,094.51","35,980","21,92,80,384.30","6,558","26,244","72.94"
"NESTLEIND","EQ","28-Aug-2015","6,057.00","6,100.00","6,140.00","6,040.00","6,094.30","6,104.65","6,107.84","43,170","26,36,75,475.85","9,204","25,168","58.30"
"NESTLEIND","EQ","31-Aug-2015","6,104.65","6,099.95","6,104.95","5,950.00","5,962.00","5,965.40","5,999.81","69,408","41,64,34,802.35","18,435","51,159","73.71"
"NESTLEIND","EQ","01-Sep-2015","5,965.40","5,935.00","6,028.45","5,910.00","6,007.00","6,003.60","5,999.39","34,852","20,90,90,637.10","7,380","21,686","62.22"
"NESTLEIND","EQ","02-Sep-2015","6,003.60","6,041.00","6,067.20","5,903.55","5,911.00","5,930.00","5,970.51","40,575","24,22,53,493.25","7,675","29,172","71.90"
"NESTLEIND","EQ","03-Sep-2015","5,930.00","6,029.50","6,074.70","5,850.00","6,060.00","6,035.45","5,977.05","51,799","30,96,05,201.35","10,065","27,941","53.94"
"NESTLEIND","EQ","04-Sep-2015","6,035.45","6,050.00","6,064.95","5,960.40","5,970.00","5,995.60","5,996.60","19,538","11,71,61,502.90","4,473","11,388","58.29"
"NESTLEIND","EQ","07-Sep-2015","5,995.60","6,003.00","6,030.00","5,960.00","6,000.00","6,001.35","6,000.80","31,004","18,60,48,763.60","6,297","23,420","75.54"
"NESTLEIND","EQ","08-Sep-2015","6,001.35","5,981.00","6,004.10","5,880.00","5,885.00","5,902.20","5,939.91","37,289","22,14,93,402.70","8,642","29,458","79.00"
"NESTLEIND","EQ","09-Sep-2015","5,902.20","5,939.95","5,995.00","5,931.05","5,991.95","5,986.60","5,966.22","26,234","15,65,17,874.70","6,531","17,293","65.92"
"NESTLEIND","EQ","10-Sep-2015","5,986.60","6,000.00","6,014.95","5,969.95","6,001.00","6,005.10","6,001.38","22,946","13,77,07,563.10","4,856","13,722","59.80"
"NESTLEIND","EQ","11-Sep-2015","6,005.10","6,001.00","6,060.00","5,961.20","5,980.25","6,001.25","6,011.22","14,192","8,53,11,170.00","3,424","8,345","58.80"
"NESTLEIND","EQ","14-Sep-2015","6,001.25","6,020.00","6,069.00","6,000.00","6,039.00","6,056.50","6,043.04","18,457","11,15,36,362.90","3,553","11,405","61.79"
"NESTLEIND","EQ","15-Sep-2015","6,056.50","6,039.95","6,090.00","6,000.00","6,022.00","6,025.00","6,027.17","21,365","12,87,70,444.80","5,646","14,928","69.87"
"NESTLEIND","EQ","16-Sep-2015","6,025.00","6,087.00","6,138.00","6,003.85","6,086.00","6,096.35","6,048.87","52,025","31,46,92,587.80","7,168","43,022","82.69"
"NESTLEIND","EQ","18-Sep-2015","6,096.35","6,096.35","6,260.00","6,096.35","6,236.00","6,236.70","6,223.86","64,894","40,38,91,109.10","12,309","48,375","74.54"
"NESTLEIND","EQ","21-Sep-2015","6,236.70","6,255.00","6,255.00","6,170.00","6,180.00","6,176.80","6,194.71","9,914","6,14,14,341.75","2,832","4,812","48.54"
"NESTLEIND","EQ","22-Sep-2015","6,176.80","6,220.00","6,300.00","6,125.00","6,140.00","6,148.45","6,219.10","25,332","15,75,42,319.15","8,773","16,167","63.82"
"NESTLEIND","EQ","23-Sep-2015","6,148.45","6,178.90","6,350.35","6,060.00","6,300.00","6,219.80","6,183.58","31,449","19,44,67,423.85","4,871","20,947","66.61"
"NESTLEIND","EQ","24-Sep-2015","6,219.80","6,288.00","6,288.00","6,152.35","6,224.00","6,212.05","6,205.67","26,846","16,65,97,464.75","7,990","13,809","51.44"
"NESTLEIND","EQ","28-Sep-2015","6,212.05","6,245.00","6,278.00","6,153.00","6,156.35","6,219.30","6,229.46","27,813","17,32,59,954.30","5,849","20,677","74.34"
"NESTLEIND","EQ","29-Sep-2015","6,219.30","6,188.00","6,250.00","6,111.00","6,165.00","6,179.60","6,186.88","24,187","14,96,41,965.20","7,489","13,683","56.57"
"NESTLEIND","EQ","30-Sep-2015","6,179.60","6,250.00","6,398.00","6,213.40","6,369.00","6,367.65","6,312.47","54,871","34,63,71,573.55","12,876","33,908","61.80"
"NESTLEIND","EQ","01-Oct-2015","6,367.65","6,364.00","6,434.00","6,323.15","6,424.00","6,422.50","6,392.14","30,309","19,37,39,507.45","6,321","14,441","47.65"
"NESTLEIND","EQ","05-Oct-2015","6,422.50","6,450.00","6,482.00","6,426.00","6,473.00","6,478.60","6,467.58","29,433","19,03,60,176.75","6,579","20,187","68.59"
"NESTLEIND","EQ","06-Oct-2015","6,478.60","6,480.00","6,519.00","6,425.00","6,475.00","6,495.25","6,483.50","23,236","15,06,50,607.55","7,352","13,772","59.27"
"NESTLEIND","EQ","07-Oct-2015","6,495.25","6,490.00","6,490.00","6,314.70","6,321.10","6,337.55","6,382.91","36,934","23,57,46,378.15","9,794","26,461","71.64"
"NESTLEIND","EQ","08-Oct-2015","6,337.55","6,392.00","6,419.00","6,340.35","6,350.00","6,367.45","6,375.56","8,972","5,72,01,489.25","2,566","3,414","38.05"
"NESTLEIND","EQ","09-Oct-2015","6,367.45","6,367.00","6,449.00","6,352.55","6,410.00","6,416.55","6,408.31","14,875","9,53,23,678.40","3,516","7,077","47.58"
"NESTLEIND","EQ","12-Oct-2015","6,416.55","6,417.00","6,430.05","6,230.00","6,256.00","6,256.10","6,284.63","24,060","15,12,08,166.85","6,440","15,526","64.53"
"NESTLEIND","EQ","13-Oct-2015","6,256.10","6,267.00","6,317.60","6,105.15","6,150.00","6,151.95","6,155.82","46,265","28,47,99,056.90","13,165","30,854","66.69"
"NESTLEIND","EQ","14-Oct-2015","6,151.95","6,199.00","6,248.00","6,111.00","6,197.95","6,210.65","6,196.98","15,619","9,67,90,620.05","3,178","8,626","55.23"
"NESTLEIND","EQ","15-Oct-2015","6,210.65","6,195.00","6,258.95","6,150.50","6,225.00","6,206.50","6,197.30","24,109","14,94,10,717.35","4,641","14,068","58.35"
"NESTLEIND","EQ","16-Oct-2015","6,206.50","6,250.00","6,669.95","6,170.00","6,555.00","6,569.40","6,549.53","3,17,373","2,07,86,45,068.75","41,956","41,561","13.10"
"NESTLEIND","EQ","19-Oct-2015","6,569.40","6,598.00","6,614.40","6,452.25","6,468.00","6,493.00","6,519.51","71,912","46,88,30,968.00","12,546","30,996","43.10"
"NESTLEIND","EQ","20-Oct-2015","6,493.00","6,598.40","6,648.50","6,510.50","6,524.00","6,536.50","6,573.71","73,153","48,08,86,719.60","11,480","26,004","35.55"
"NESTLEIND","EQ","21-Oct-2015","6,536.50","6,545.00","6,629.00","6,440.10","6,446.00","6,463.30","6,530.09","59,955","39,15,11,493.55","10,211","17,226","28.73"
"NESTLEIND","EQ","23-Oct-2015","6,463.30","6,550.00","6,550.00","6,311.20","6,331.00","6,328.65","6,419.42","39,067","25,07,87,449.50","10,697","23,405","59.91"
"NESTLEIND","EQ","26-Oct-2015","6,328.65","6,358.00","6,420.00","6,280.00","6,302.40","6,316.30","6,338.54","33,416","21,18,08,664.75","9,303","20,607","61.67"
"NESTLEIND","EQ","27-Oct-2015","6,316.30","6,399.00","6,410.00","6,345.00","6,357.00","6,354.50","6,370.78","33,326","21,23,12,780.30","8,570","17,368","52.12"
"NESTLEIND","EQ","28-Oct-2015","6,354.50","6,370.00","6,380.05","6,300.00","6,345.00","6,337.40","6,331.54","29,844","18,89,58,403.90","8,685","19,886","66.63"
"NESTLEIND","EQ","29-Oct-2015","6,337.40","6,337.50","6,370.00","6,251.95","6,280.00","6,290.50","6,278.71","47,775","29,99,65,390.00","7,912","29,751","62.27"
"NESTLEIND","EQ","30-Oct-2015","6,290.50","6,230.00","6,262.00","6,150.00","6,192.05","6,173.90","6,202.03","51,020","31,64,27,697.25","12,070","22,168","43.45"
"NESTLEIND","EQ","02-Nov-2015","6,173.90","6,160.00","6,319.00","6,150.00","6,288.00","6,276.05","6,227.43","29,690","18,48,92,327.60","6,139","15,166","51.08"
"NESTLEIND","EQ","03-Nov-2015","6,276.05","6,299.00","6,320.00","6,205.15","6,210.00","6,217.75","6,239.44","28,500","17,78,24,165.75","8,400","18,595","65.25"
"NESTLEIND","EQ","04-Nov-2015","6,217.75","6,250.00","6,474.00","6,219.75","6,250.00","6,251.15","6,344.19","1,57,371","99,83,90,827.10","20,331","58,802","37.37"
"NESTLEIND","EQ","05-Nov-2015","6,251.15","6,260.00","6,299.00","6,150.00","6,180.00","6,165.65","6,220.40","38,309","23,82,97,413.30","6,506","20,762","54.20"
"NESTLEIND","EQ","06-Nov-2015","6,165.65","6,199.00","6,234.95","6,151.00","6,163.00","6,168.95","6,187.29","16,050","9,93,06,037.70","2,624","9,600","59.81"
"NESTLEIND","EQ","09-Nov-2015","6,168.95","6,125.00","6,199.95","6,099.00","6,118.95","6,111.40","6,158.33","51,683","31,82,81,018.55","7,321","32,454","62.79"
"NESTLEIND","EQ","10-Nov-2015","6,111.40","6,190.00","6,190.00","6,050.00","6,091.00","6,072.30","6,098.40","32,828","20,01,98,145.95","5,400","20,887","63.63"
"NESTLEIND","EQ","11-Nov-2015","6,072.30","6,116.55","6,184.95","6,116.55","6,161.15","6,174.80","6,162.18","9,049","5,57,61,580.10","1,933","5,023","55.51"
"NESTLEIND","EQ","13-Nov-2015","6,174.80","6,154.80","6,186.00","6,014.00","6,043.95","6,034.20","6,044.26","1,15,791","69,98,70,628.20","14,519","1,00,030","86.39"
"NESTLEIND","EQ","16-Nov-2015","6,034.20","6,050.00","6,070.00","5,962.50","5,990.00","5,986.45","5,981.79","1,10,197","65,91,75,061.90","7,752","1,00,222","90.95"
"NESTLEIND","EQ","17-Nov-2015","5,986.45","6,005.00","6,137.85","5,951.00","6,101.50","6,084.60","6,040.68","67,571","40,81,75,016.65","11,449","27,692","40.98"
"NESTLEIND","EQ","18-Nov-2015","6,084.60","6,105.00","6,134.90","6,068.00","6,078.05","6,082.30","6,100.39","27,800","16,95,90,810.20","4,399","17,406","62.61"
"NESTLEIND","EQ","19-Nov-2015","6,082.30","6,109.00","6,323.00","6,085.05","6,264.90","6,280.15","6,215.95","61,148","38,00,93,107.25","10,068","34,511","56.44"
"NESTLEIND","EQ","20-Nov-2015","6,280.15","6,268.00","6,279.00","6,180.00","6,180.05","6,196.25","6,222.65","19,934","12,40,42,291.70","4,699","12,342","61.91"
"NESTLEIND","EQ","23-Nov-2015","6,196.25","6,199.00","6,226.00","6,110.00","6,125.00","6,141.60","6,150.73","28,203","17,34,69,115.90","6,528","14,054","49.83"
"NESTLEIND","EQ","24-Nov-2015","6,141.60","6,162.50","6,162.50","6,050.00","6,058.00","6,056.35","6,080.87","33,023","20,08,08,710.00","5,465","24,385","73.84"
"NESTLEIND","EQ","26-Nov-2015","6,056.35","6,073.90","6,140.00","6,006.00","6,020.50","6,023.55","6,032.65","72,189","43,54,90,999.00","12,122","59,774","82.80"
"NESTLEIND","EQ","27-Nov-2015","6,023.55","6,021.00","6,043.25","5,905.55","5,950.00","5,949.00","5,943.40","1,13,708","67,58,12,269.15","11,507","97,857","86.06"
"NESTLEIND","EQ","30-Nov-2015","5,949.00","5,900.00","5,964.15","5,850.00","5,860.05","5,858.80","5,869.45","1,42,381","83,56,98,523.30","25,916","1,24,175","87.21"
"NESTLEIND","EQ","01-Dec-2015","5,858.80","5,858.90","5,950.00","5,858.90","5,873.00","5,879.15","5,885.57","50,000","29,42,78,255.50","13,134","37,264","74.53"
"NESTLEIND","EQ","02-Dec-2015","5,879.15","5,885.20","5,920.00","5,834.90","5,851.15","5,868.10","5,852.66","59,827","35,01,47,037.65","7,261","46,855","78.32"
"NESTLEIND","EQ","03-Dec-2015","5,868.10","5,860.00","5,860.00","5,820.00","5,840.00","5,835.90","5,835.79","66,220","38,64,46,203.25","5,551","58,543","88.41"
"NESTLEIND","EQ","04-Dec-2015","5,835.90","5,836.00","5,907.00","5,805.15","5,855.00","5,857.05","5,848.64","41,218","24,10,69,274.55","12,360","27,419","66.52"
"NESTLEIND","EQ","07-Dec-2015","5,857.05","5,898.00","5,910.00","5,819.80","5,896.00","5,893.60","5,884.73","17,595","10,35,41,901.35","4,897","10,776","61.24"
"NESTLEIND","EQ","08-Dec-2015","5,893.60","5,893.00","5,899.70","5,820.00","5,830.10","5,825.35","5,842.01","50,408","29,44,84,222.95","6,116","44,954","89.18"
"NESTLEIND","EQ","09-Dec-2015","5,825.35","5,827.10","5,849.00","5,752.55","5,761.50","5,759.70","5,763.74","1,20,058","69,19,82,604.35","8,056","1,12,346","93.58"
"NESTLEIND","EQ","10-Dec-2015","5,759.70","5,760.00","5,820.00","5,750.00","5,778.00","5,770.65","5,773.55","28,579","16,50,02,155.10","7,248","17,409","60.92"
"NESTLEIND","EQ","11-Dec-2015","5,770.65","5,770.65","5,930.00","5,765.00","5,910.00","5,908.25","5,880.85","53,452","31,43,43,142.40","12,812","33,281","62.26"
"NESTLEIND","EQ","14-Dec-2015","5,908.25","5,909.90","5,909.90","5,782.45","5,880.00","5,879.75","5,850.22","27,743","16,23,02,667.25","5,982","19,277","69.48"
"NESTLEIND","EQ","15-Dec-2015","5,879.75","5,907.00","5,910.00","5,813.05","5,818.05","5,838.60","5,858.09","34,519","20,22,15,369.35","11,082","21,121","61.19"
"NESTLEIND","EQ","16-Dec-2015","5,838.60","5,889.00","5,915.00","5,821.00","5,830.00","5,828.40","5,855.94","31,415","18,39,64,290.80","7,869","11,839","37.69"
"NESTLEIND","EQ","17-Dec-2015","5,828.40","5,832.00","5,919.95","5,820.80","5,875.05","5,883.35","5,855.41","27,911","16,34,30,464.70","4,744","20,894","74.86"
"NESTLEIND","EQ","18-Dec-2015","5,883.35","5,897.00","5,897.00","5,630.00","5,666.35","5,673.00","5,723.49","61,457","35,17,48,491.95","12,904","46,504","75.67"
"NESTLEIND","EQ","21-Dec-2015","5,673.00","5,715.00","5,732.00","5,665.20","5,675.00","5,674.35","5,690.55","28,016","15,94,26,392.70","7,770","19,693","70.29"
"NESTLEIND","EQ","22-Dec-2015","5,674.35","5,704.90","5,749.00","5,680.00","5,733.00","5,730.00","5,724.06","19,130","10,95,01,176.00","5,724","12,074","63.12"
"NESTLEIND","EQ","23-Dec-2015","5,730.00","5,765.00","5,794.00","5,730.00","5,757.00","5,778.00","5,763.42","12,253","7,06,19,155.45","3,471","7,337","59.88"
"NESTLEIND","EQ","24-Dec-2015","5,778.00","5,775.00","5,798.00","5,725.00","5,775.00","5,775.90","5,761.65","14,043","8,09,10,856.60","3,024","7,868","56.03"
"NESTLEIND","EQ","28-Dec-2015","5,775.90","5,776.00","5,850.65","5,750.00","5,802.00","5,804.65","5,812.68","22,286","12,95,41,486.30","4,719","13,970","62.69"
"NESTLEIND","EQ","29-Dec-2015","5,804.65","5,829.00","5,855.00","5,795.05","5,830.00","5,839.20","5,843.96","14,160","8,27,50,403.40","4,045","10,755","75.95"
"NESTLEIND","EQ","30-Dec-2015","5,839.20","5,850.00","5,860.00","5,790.10","5,810.50","5,839.85","5,835.40","19,255","11,23,60,614.55","5,459","13,476","69.99"
"NESTLEIND","EQ","31-Dec-2015","5,839.85","5,862.65","5,870.05","5,803.50","5,817.30","5,828.00","5,826.42","19,210","11,19,25,551.25","4,602","13,892","72.32"